{
  "poses": [
    [
      [
        0.6629,
        0.157,
        -0.7321,
        433.06306600000005
      ],
      [
        -0.7487,
        0.139,
        -0.6481,
        -541.806992
      ],
      [
        -0.0,
        -0.9778,
        -0.2097,
        -199.469473
      ],
      [
        0.0,
        0.0,
        0.0,
        1.0
      ]
    ],
    [
      [
        0.6629,
        0.157,
        -0.7321,
        432.940084
      ],
      [
        -0.7487,
        0.139,
        -0.6481,
        -541.878428
      ],
      [
        -0.0,
        -0.9778,
        -0.2097,
        -199.48826
      ],
      [
        0.0,
        0.0,
        0.0,
        1.0
      ]
    ],
    [
      [
        0.6629,
        0.157,
        -0.7321,
        432.817101
      ],
      [
        -0.7487,
        0.139,
        -0.6481,
        -541.949864
      ],
      [
        -0.0,
        -0.9778,
        -0.2097,
        -199.507048
      ],
      [
        0.0,
        0.0,
        0.0,
        1.0
      ]
    ],
    [
      [
        0.6629,
        0.157,
        -0.7321,
        432.694119
      ],
      [
        -0.7487,
        0.139,
        -0.6481,
        -542.021299
      ],
      [
        -0.0,
        -0.9778,
        -0.2097,
        -199.52583600000003
      ],
      [
        0.0,
        0.0,
        0.0,
        1.0
      ]
    ],
    [
      [
        0.6629,
        0.157,
        -0.7321,
        432.57113599999997
      ],
      [
        -0.7487,
        0.139,
        -0.6481,
        -542.0927350000001
      ],
      [
        -0.0,
        -0.9778,
        -0.2097,
        -199.544623
      ],
      [
        0.0,
        0.0,
        0.0,
        1.0
      ]
    ],
    [
      [
        0.6629,
        0.157,
        -0.7321,
        432.448154
      ],
      [
        -0.7487,
        0.139,
        -0.6481,
        -542.164171
      ],
      [
        -0.0,
        -0.9778,
        -0.2097,
        -199.563411
      ],
      [
        0.0,
        0.0,
        0.0,
        1.0
      ]
    ],
    [
      [
        0.6629,
        0.157,
        -0.7321,
        432.32517099999995
      ],
      [
        -0.7487,
        0.139,
        -0.6481,
        -542.235606
      ],
      [
        -0.0,
        -0.9778,
        -0.2097,
        -199.58219799999998
      ],
      [
        0.0,
        0.0,
        0.0,
        1.0
      ]
    ],
    [
      [
        0.6629,
        0.157,
        -0.7321,
        432.202189
      ],
      [
        -0.7487,
        0.139,
        -0.6481,
        -542.307042
      ],
      [
        -0.0,
        -0.9778,
        -0.2097,
        -199.600986
      ],
      [
        0.0,
        0.0,
        0.0,
        1.0
      ]
    ],
    [
      [
        0.6629,
        0.157,
        -0.7321,
        432.079206
      ],
      [
        -0.7487,
        0.139,
        -0.6481,
        -542.3784780000001
      ],
      [
        -0.0,
        -0.9778,
        -0.2097,
        -199.619774
      ],
      [
        0.0,
        0.0,
        0.0,
        1.0
      ]
    ],
    [
      [
        0.6629,
        0.157,
        -0.7321,
        431.956224
      ],
      [
        -0.7487,
        0.139,
        -0.6481,
        -542.449913
      ],
      [
        -0.0,
        -0.9778,
        -0.2097,
        -199.638561
      ],
      [
        0.0,
        0.0,
        0.0,
        1.0
      ]
    ],
    [
      [
        0.6629,
        0.157,
        -0.7321,
        431.833241
      ],
      [
        -0.7487,
        0.139,
        -0.6481,
        -542.521349
      ],
      [
        -0.0,
        -0.9778,
        -0.2097,
        -199.65734899999998
      ],
      [
        0.0,
        0.0,
        0.0,
        1.0
      ]
    ],
    [
      [
        0.6629,
        0.157,
        -0.7321,
        431.710259
      ],
      [
        -0.7487,
        0.139,
        -0.6481,
        -542.592785
      ],
      [
        -0.0,
        -0.9778,
        -0.2097,
        -199.676136
      ],
      [
        0.0,
        0.0,
        0.0,
        1.0
      ]
    ],
    [
      [
        0.6629,
        0.157,
        -0.7321,
        431.587276
      ],
      [
        -0.7487,
        0.139,
        -0.6481,
        -542.66422
      ],
      [
        -0.0,
        -0.9778,
        -0.2097,
        -199.694924
      ],
      [
        0.0,
        0.0,
        0.0,
        1.0
      ]
    ],
    [
      [
        0.6629,
        0.157,
        -0.7321,
        431.464294
      ],
      [
        -0.7487,
        0.139,
        -0.6481,
        -542.7356560000001
      ],
      [
        -0.0,
        -0.9778,
        -0.2097,
        -199.71371200000002
      ],
      [
        0.0,
        0.0,
        0.0,
        1.0
      ]
    ],
    [
      [
        0.6629,
        0.157,
        -0.7321,
        431.34131099999996
      ],
      [
        -0.7487,
        0.139,
        -0.6481,
        -542.807092
      ],
      [
        -0.0,
        -0.9778,
        -0.2097,
        -199.732499
      ],
      [
        0.0,
        0.0,
        0.0,
        1.0
      ]
    ],
    [
      [
        0.6629,
        0.157,
        -0.7321,
        431.21832900000004
      ],
      [
        -0.7487,
        0.139,
        -0.6481,
        -542.8785270000001
      ],
      [
        -0.0,
        -0.9778,
        -0.2097,
        -199.75128700000002
      ],
      [
        0.0,
        0.0,
        0.0,
        1.0
      ]
    ],
    [
      [
        0.6629,
        0.157,
        -0.7321,
        431.095346
      ],
      [
        -0.7487,
        0.139,
        -0.6481,
        -542.949963
      ],
      [
        -0.0,
        -0.9778,
        -0.2097,
        -199.770075
      ],
      [
        0.0,
        0.0,
        0.0,
        1.0
      ]
    ],
    [
      [
        0.6629,
        0.157,
        -0.7321,
        430.972364
      ],
      [
        -0.7487,
        0.139,
        -0.6481,
        -543.021399
      ],
      [
        -0.0,
        -0.9778,
        -0.2097,
        -199.788862
      ],
      [
        0.0,
        0.0,
        0.0,
        1.0
      ]
    ],
    [
      [
        0.6629,
        0.157,
        -0.7321,
        430.849382
      ],
      [
        -0.7487,
        0.139,
        -0.6481,
        -543.092834
      ],
      [
        -0.0,
        -0.9778,
        -0.2097,
        -199.80765
      ],
      [
        0.0,
        0.0,
        0.0,
        1.0
      ]
    ],
    [
      [
        0.6629,
        0.157,
        -0.7321,
        430.726399
      ],
      [
        -0.7487,
        0.139,
        -0.6481,
        -543.16427
      ],
      [
        -0.0,
        -0.9778,
        -0.2097,
        -199.826437
      ],
      [
        0.0,
        0.0,
        0.0,
        1.0
      ]
    ],
    [
      [
        0.6629,
        0.157,
        -0.7321,
        430.603417
      ],
      [
        -0.7487,
        0.139,
        -0.6481,
        -543.2357059999999
      ],
      [
        -0.0,
        -0.9778,
        -0.2097,
        -199.845225
      ],
      [
        0.0,
        0.0,
        0.0,
        1.0
      ]
    ],
    [
      [
        0.6629,
        0.157,
        -0.7321,
        430.480434
      ],
      [
        -0.7487,
        0.139,
        -0.6481,
        -543.307141
      ],
      [
        -0.0,
        -0.9778,
        -0.2097,
        -199.864013
      ],
      [
        0.0,
        0.0,
        0.0,
        1.0
      ]
    ],
    [
      [
        0.6629,
        0.157,
        -0.7321,
        430.35745199999997
      ],
      [
        -0.7487,
        0.139,
        -0.6481,
        -543.378577
      ],
      [
        -0.0,
        -0.9778,
        -0.2097,
        -199.88279999999997
      ],
      [
        0.0,
        0.0,
        0.0,
        1.0
      ]
    ],
    [
      [
        0.6629,
        0.157,
        -0.7321,
        430.23446900000005
      ],
      [
        -0.7487,
        0.139,
        -0.6481,
        -543.450013
      ],
      [
        -0.0,
        -0.9778,
        -0.2097,
        -199.901588
      ],
      [
        0.0,
        0.0,
        0.0,
        1.0
      ]
    ],
    [
      [
        0.6629,
        0.157,
        -0.7321,
        430.11148699999995
      ],
      [
        -0.7487,
        0.139,
        -0.6481,
        -543.521448
      ],
      [
        -0.0,
        -0.9778,
        -0.2097,
        -199.92037499999998
      ],
      [
        0.0,
        0.0,
        0.0,
        1.0
      ]
    ],
    [
      [
        0.6629,
        0.157,
        -0.7321,
        429.98850400000003
      ],
      [
        -0.7487,
        0.139,
        -0.6481,
        -543.592884
      ],
      [
        -0.0,
        -0.9778,
        -0.2097,
        -199.939163
      ],
      [
        0.0,
        0.0,
        0.0,
        1.0
      ]
    ],
    [
      [
        0.6629,
        0.157,
        -0.7321,
        429.865522
      ],
      [
        -0.7487,
        0.139,
        -0.6481,
        -543.66432
      ],
      [
        -0.0,
        -0.9778,
        -0.2097,
        -199.95795099999998
      ],
      [
        0.0,
        0.0,
        0.0,
        1.0
      ]
    ],
    [
      [
        0.6629,
        0.157,
        -0.7321,
        429.742539
      ],
      [
        -0.7487,
        0.139,
        -0.6481,
        -543.735755
      ],
      [
        -0.0,
        -0.9778,
        -0.2097,
        -199.976738
      ],
      [
        0.0,
        0.0,
        0.0,
        1.0
      ]
    ],
    [
      [
        0.6629,
        0.157,
        -0.7321,
        429.619557
      ],
      [
        -0.7487,
        0.139,
        -0.6481,
        -543.807191
      ],
      [
        -0.0,
        -0.9778,
        -0.2097,
        -199.99552599999998
      ],
      [
        0.0,
        0.0,
        0.0,
        1.0
      ]
    ],
    [
      [
        0.6629,
        0.157,
        -0.7321,
        429.49657399999995
      ],
      [
        -0.7487,
        0.139,
        -0.6481,
        -543.8786269999999
      ],
      [
        -0.0,
        -0.9778,
        -0.2097,
        -200.014314
      ],
      [
        0.0,
        0.0,
        0.0,
        1.0
      ]
    ],
    [
      [
        0.6629,
        0.157,
        -0.7321,
        429.373592
      ],
      [
        -0.7487,
        0.139,
        -0.6481,
        -543.950062
      ],
      [
        -0.0,
        -0.9778,
        -0.2097,
        -200.033101
      ],
      [
        0.0,
        0.0,
        0.0,
        1.0
      ]
    ],
    [
      [
        0.6629,
        0.157,
        -0.7321,
        429.25060899999994
      ],
      [
        -0.7487,
        0.139,
        -0.6481,
        -544.021498
      ],
      [
        -0.0,
        -0.9778,
        -0.2097,
        -200.05188900000002
      ],
      [
        0.0,
        0.0,
        0.0,
        1.0
      ]
    ],
    [
      [
        0.6629,
        0.157,
        -0.7321,
        429.127627
      ],
      [
        -0.7487,
        0.139,
        -0.6481,
        -544.092934
      ],
      [
        -0.0,
        -0.9778,
        -0.2097,
        -200.070676
      ],
      [
        0.0,
        0.0,
        0.0,
        1.0
      ]
    ],
    [
      [
        0.6629,
        0.157,
        -0.7321,
        429.004644
      ],
      [
        -0.7487,
        0.139,
        -0.6481,
        -544.164369
      ],
      [
        -0.0,
        -0.9778,
        -0.2097,
        -200.08946400000002
      ],
      [
        0.0,
        0.0,
        0.0,
        1.0
      ]
    ],
    [
      [
        0.6629,
        0.157,
        -0.7321,
        428.881662
      ],
      [
        -0.7487,
        0.139,
        -0.6481,
        -544.2358049999999
      ],
      [
        -0.0,
        -0.9778,
        -0.2097,
        -200.108252
      ],
      [
        0.0,
        0.0,
        0.0,
        1.0
      ]
    ],
    [
      [
        0.6629,
        0.157,
        -0.7321,
        428.758679
      ],
      [
        -0.7487,
        0.139,
        -0.6481,
        -544.307241
      ],
      [
        -0.0,
        -0.9778,
        -0.2097,
        -200.127039
      ],
      [
        0.0,
        0.0,
        0.0,
        1.0
      ]
    ],
    [
      [
        0.6629,
        0.157,
        -0.7321,
        428.635697
      ],
      [
        -0.7487,
        0.139,
        -0.6481,
        -544.3786759999999
      ],
      [
        -0.0,
        -0.9778,
        -0.2097,
        -200.145827
      ],
      [
        0.0,
        0.0,
        0.0,
        1.0
      ]
    ],
    [
      [
        0.6629,
        0.157,
        -0.7321,
        428.51271399999996
      ],
      [
        -0.7487,
        0.139,
        -0.6481,
        -544.450112
      ],
      [
        -0.0,
        -0.9778,
        -0.2097,
        -200.164614
      ],
      [
        0.0,
        0.0,
        0.0,
        1.0
      ]
    ],
    [
      [
        0.6629,
        0.157,
        -0.7321,
        428.389732
      ],
      [
        -0.7487,
        0.139,
        -0.6481,
        -544.5215479999999
      ],
      [
        -0.0,
        -0.9778,
        -0.2097,
        -200.183402
      ],
      [
        0.0,
        0.0,
        0.0,
        1.0
      ]
    ],
    [
      [
        0.6629,
        0.157,
        -0.7321,
        428.266749
      ],
      [
        -0.7487,
        0.139,
        -0.6481,
        -544.592983
      ],
      [
        -0.0,
        -0.9778,
        -0.2097,
        -200.20219
      ],
      [
        0.0,
        0.0,
        0.0,
        1.0
      ]
    ],
    [
      [
        0.6629,
        0.157,
        -0.7321,
        428.143767
      ],
      [
        -0.7487,
        0.139,
        -0.6481,
        -544.664419
      ],
      [
        -0.0,
        -0.9778,
        -0.2097,
        -200.22097699999998
      ],
      [
        0.0,
        0.0,
        0.0,
        1.0
      ]
    ],
    [
      [
        0.6629,
        0.157,
        -0.7321,
        428.020784
      ],
      [
        -0.7487,
        0.139,
        -0.6481,
        -544.735855
      ],
      [
        -0.0,
        -0.9778,
        -0.2097,
        -200.239765
      ],
      [
        0.0,
        0.0,
        0.0,
        1.0
      ]
    ],
    [
      [
        0.6629,
        0.157,
        -0.7321,
        427.897802
      ],
      [
        -0.7487,
        0.139,
        -0.6481,
        -544.80729
      ],
      [
        -0.0,
        -0.9778,
        -0.2097,
        -200.258553
      ],
      [
        0.0,
        0.0,
        0.0,
        1.0
      ]
    ],
    [
      [
        0.6629,
        0.157,
        -0.7321,
        427.774819
      ],
      [
        -0.7487,
        0.139,
        -0.6481,
        -544.878726
      ],
      [
        -0.0,
        -0.9778,
        -0.2097,
        -200.27734
      ],
      [
        0.0,
        0.0,
        0.0,
        1.0
      ]
    ],
    [
      [
        0.6629,
        0.157,
        -0.7321,
        427.651837
      ],
      [
        -0.7487,
        0.139,
        -0.6481,
        -544.950162
      ],
      [
        -0.0,
        -0.9778,
        -0.2097,
        -200.29612799999998
      ],
      [
        0.0,
        0.0,
        0.0,
        1.0
      ]
    ],
    [
      [
        0.6629,
        0.157,
        -0.7321,
        427.52885399999997
      ],
      [
        -0.7487,
        0.139,
        -0.6481,
        -545.0215969999999
      ],
      [
        -0.0,
        -0.9778,
        -0.2097,
        -200.314915
      ],
      [
        0.0,
        0.0,
        0.0,
        1.0
      ]
    ],
    [
      [
        0.6629,
        0.157,
        -0.7321,
        427.40587200000004
      ],
      [
        -0.7487,
        0.139,
        -0.6481,
        -545.093033
      ],
      [
        -0.0,
        -0.9778,
        -0.2097,
        -200.33370299999999
      ],
      [
        0.0,
        0.0,
        0.0,
        1.0
      ]
    ],
    [
      [
        0.6629,
        0.157,
        -0.7321,
        427.282889
      ],
      [
        -0.7487,
        0.139,
        -0.6481,
        -545.164469
      ],
      [
        -0.0,
        -0.9778,
        -0.2097,
        -200.35249100000001
      ],
      [
        0.0,
        0.0,
        0.0,
        1.0
      ]
    ],
    [
      [
        0.6629,
        0.157,
        -0.7321,
        427.15990700000003
      ],
      [
        -0.7487,
        0.139,
        -0.6481,
        -545.235904
      ],
      [
        -0.0,
        -0.9778,
        -0.2097,
        -200.371278
      ],
      [
        0.0,
        0.0,
        0.0,
        1.0
      ]
    ],
    [
      [
        0.6629,
        0.157,
        -0.7321,
        427.036924
      ],
      [
        -0.7487,
        0.139,
        -0.6481,
        -545.30734
      ],
      [
        -0.0,
        -0.9778,
        -0.2097,
        -200.39006600000002
      ],
      [
        0.0,
        0.0,
        0.0,
        1.0
      ]
    ],
    [
      [
        0.6629,
        0.157,
        -0.7321,
        426.913942
      ],
      [
        -0.7487,
        0.139,
        -0.6481,
        -545.378776
      ],
      [
        -0.0,
        -0.9778,
        -0.2097,
        -200.40885300000002
      ],
      [
        0.0,
        0.0,
        0.0,
        1.0
      ]
    ],
    [
      [
        0.6629,
        0.157,
        -0.7321,
        426.790959
      ],
      [
        -0.7487,
        0.139,
        -0.6481,
        -545.450211
      ],
      [
        -0.0,
        -0.9778,
        -0.2097,
        -200.427641
      ],
      [
        0.0,
        0.0,
        0.0,
        1.0
      ]
    ],
    [
      [
        0.6629,
        0.157,
        -0.7321,
        426.667977
      ],
      [
        -0.7487,
        0.139,
        -0.6481,
        -545.521647
      ],
      [
        -0.0,
        -0.9778,
        -0.2097,
        -200.446429
      ],
      [
        0.0,
        0.0,
        0.0,
        1.0
      ]
    ],
    [
      [
        0.6629,
        0.157,
        -0.7321,
        426.54499400000003
      ],
      [
        -0.7487,
        0.139,
        -0.6481,
        -545.593083
      ],
      [
        -0.0,
        -0.9778,
        -0.2097,
        -200.465216
      ],
      [
        0.0,
        0.0,
        0.0,
        1.0
      ]
    ],
    [
      [
        0.6629,
        0.157,
        -0.7321,
        426.42201200000005
      ],
      [
        -0.7487,
        0.139,
        -0.6481,
        -545.664518
      ],
      [
        -0.0,
        -0.9778,
        -0.2097,
        -200.484004
      ],
      [
        0.0,
        0.0,
        0.0,
        1.0
      ]
    ],
    [
      [
        0.6629,
        0.157,
        -0.7321,
        426.299029
      ],
      [
        -0.7487,
        0.139,
        -0.6481,
        -545.735954
      ],
      [
        -0.0,
        -0.9778,
        -0.2097,
        -200.502792
      ],
      [
        0.0,
        0.0,
        0.0,
        1.0
      ]
    ],
    [
      [
        0.6629,
        0.157,
        -0.7321,
        426.17604700000004
      ],
      [
        -0.7487,
        0.139,
        -0.6481,
        -545.80739
      ],
      [
        -0.0,
        -0.9778,
        -0.2097,
        -200.52157899999997
      ],
      [
        0.0,
        0.0,
        0.0,
        1.0
      ]
    ],
    [
      [
        0.6629,
        0.157,
        -0.7321,
        426.053064
      ],
      [
        -0.7487,
        0.139,
        -0.6481,
        -545.878825
      ],
      [
        -0.0,
        -0.9778,
        -0.2097,
        -200.540367
      ],
      [
        0.0,
        0.0,
        0.0,
        1.0
      ]
    ],
    [
      [
        0.6629,
        0.157,
        -0.7321,
        425.93008199999997
      ],
      [
        -0.7487,
        0.139,
        -0.6481,
        -545.9502610000001
      ],
      [
        -0.0,
        -0.9778,
        -0.2097,
        -200.559154
      ],
      [
        0.0,
        0.0,
        0.0,
        1.0
      ]
    ],
    [
      [
        0.6629,
        0.157,
        -0.7321,
        425.807099
      ],
      [
        -0.7487,
        0.139,
        -0.6481,
        -546.021697
      ],
      [
        -0.0,
        -0.9778,
        -0.2097,
        -200.577942
      ],
      [
        0.0,
        0.0,
        0.0,
        1.0
      ]
    ],
    [
      [
        0.6629,
        0.157,
        -0.7321,
        425.68411699999996
      ],
      [
        -0.7487,
        0.139,
        -0.6481,
        -546.093132
      ],
      [
        -0.0,
        -0.9778,
        -0.2097,
        -200.59672999999998
      ],
      [
        0.0,
        0.0,
        0.0,
        1.0
      ]
    ],
    [
      [
        0.6629,
        0.157,
        -0.7321,
        425.56113400000004
      ],
      [
        -0.7487,
        0.139,
        -0.6481,
        -546.164568
      ],
      [
        -0.0,
        -0.9778,
        -0.2097,
        -200.615517
      ],
      [
        0.0,
        0.0,
        0.0,
        1.0
      ]
    ],
    [
      [
        0.6629,
        0.157,
        -0.7321,
        425.43815199999995
      ],
      [
        -0.7487,
        0.139,
        -0.6481,
        -546.236004
      ],
      [
        -0.0,
        -0.9778,
        -0.2097,
        -200.63430499999998
      ],
      [
        0.0,
        0.0,
        0.0,
        1.0
      ]
    ],
    [
      [
        0.6629,
        0.157,
        -0.7321,
        425.315169
      ],
      [
        -0.7487,
        0.139,
        -0.6481,
        -546.307439
      ],
      [
        -0.0,
        -0.9778,
        -0.2097,
        -200.653092
      ],
      [
        0.0,
        0.0,
        0.0,
        1.0
      ]
    ],
    [
      [
        0.6629,
        0.157,
        -0.7321,
        425.192187
      ],
      [
        -0.7487,
        0.139,
        -0.6481,
        -546.378875
      ],
      [
        -0.0,
        -0.9778,
        -0.2097,
        -200.67188
      ],
      [
        0.0,
        0.0,
        0.0,
        1.0
      ]
    ],
    [
      [
        0.6629,
        0.157,
        -0.7321,
        425.069204
      ],
      [
        -0.7487,
        0.139,
        -0.6481,
        -546.450311
      ],
      [
        -0.0,
        -0.9778,
        -0.2097,
        -200.69066800000002
      ],
      [
        0.0,
        0.0,
        0.0,
        1.0
      ]
    ],
    [
      [
        0.6629,
        0.157,
        -0.7321,
        424.946222
      ],
      [
        -0.7487,
        0.139,
        -0.6481,
        -546.521746
      ],
      [
        -0.0,
        -0.9778,
        -0.2097,
        -200.70945500000002
      ],
      [
        0.0,
        0.0,
        0.0,
        1.0
      ]
    ],
    [
      [
        0.6629,
        0.157,
        -0.7321,
        424.82323900000006
      ],
      [
        -0.7487,
        0.139,
        -0.6481,
        -546.5931820000001
      ],
      [
        -0.0,
        -0.9778,
        -0.2097,
        -200.728243
      ],
      [
        0.0,
        0.0,
        0.0,
        1.0
      ]
    ],
    [
      [
        0.6629,
        0.157,
        -0.7321,
        424.70025699999997
      ],
      [
        -0.7487,
        0.139,
        -0.6481,
        -546.664618
      ],
      [
        -0.0,
        -0.9778,
        -0.2097,
        -200.747031
      ],
      [
        0.0,
        0.0,
        0.0,
        1.0
      ]
    ],
    [
      [
        0.6629,
        0.157,
        -0.7321,
        424.57727400000005
      ],
      [
        -0.7487,
        0.139,
        -0.6481,
        -546.7360530000001
      ],
      [
        -0.0,
        -0.9778,
        -0.2097,
        -200.765818
      ],
      [
        0.0,
        0.0,
        0.0,
        1.0
      ]
    ],
    [
      [
        0.6629,
        0.157,
        -0.7321,
        424.454292
      ],
      [
        -0.7487,
        0.139,
        -0.6481,
        -546.807489
      ],
      [
        -0.0,
        -0.9778,
        -0.2097,
        -200.784606
      ],
      [
        0.0,
        0.0,
        0.0,
        1.0
      ]
    ],
    [
      [
        0.6629,
        0.157,
        -0.7321,
        424.331309
      ],
      [
        -0.7487,
        0.139,
        -0.6481,
        -546.878925
      ],
      [
        -0.0,
        -0.9778,
        -0.2097,
        -200.803393
      ],
      [
        0.0,
        0.0,
        0.0,
        1.0
      ]
    ],
    [
      [
        0.6629,
        0.157,
        -0.7321,
        424.208327
      ],
      [
        -0.7487,
        0.139,
        -0.6481,
        -546.95036
      ],
      [
        -0.0,
        -0.9778,
        -0.2097,
        -200.82218099999997
      ],
      [
        0.0,
        0.0,
        0.0,
        1.0
      ]
    ],
    [
      [
        0.6629,
        0.157,
        -0.7321,
        424.08534399999996
      ],
      [
        -0.7487,
        0.139,
        -0.6481,
        -547.021796
      ],
      [
        -0.0,
        -0.9778,
        -0.2097,
        -200.840969
      ],
      [
        0.0,
        0.0,
        0.0,
        1.0
      ]
    ],
    [
      [
        0.6629,
        0.157,
        -0.7321,
        423.962362
      ],
      [
        -0.7487,
        0.139,
        -0.6481,
        -547.093232
      ],
      [
        -0.0,
        -0.9778,
        -0.2097,
        -200.859756
      ],
      [
        0.0,
        0.0,
        0.0,
        1.0
      ]
    ],
    [
      [
        0.6629,
        0.157,
        -0.7321,
        423.83937899999995
      ],
      [
        -0.7487,
        0.139,
        -0.6481,
        -547.164667
      ],
      [
        -0.0,
        -0.9778,
        -0.2097,
        -200.878544
      ],
      [
        0.0,
        0.0,
        0.0,
        1.0
      ]
    ],
    [
      [
        0.6629,
        0.157,
        -0.7321,
        423.716397
      ],
      [
        -0.7487,
        0.139,
        -0.6481,
        -547.236103
      ],
      [
        -0.0,
        -0.9778,
        -0.2097,
        -200.897331
      ],
      [
        0.0,
        0.0,
        0.0,
        1.0
      ]
    ],
    [
      [
        0.6629,
        0.157,
        -0.7321,
        423.593414
      ],
      [
        -0.7487,
        0.139,
        -0.6481,
        -547.307539
      ],
      [
        -0.0,
        -0.9778,
        -0.2097,
        -200.916119
      ],
      [
        0.0,
        0.0,
        0.0,
        1.0
      ]
    ],
    [
      [
        0.6629,
        0.157,
        -0.7321,
        423.470432
      ],
      [
        -0.7487,
        0.139,
        -0.6481,
        -547.378974
      ],
      [
        -0.0,
        -0.9778,
        -0.2097,
        -200.93490699999998
      ],
      [
        0.0,
        0.0,
        0.0,
        1.0
      ]
    ],
    [
      [
        0.6629,
        0.157,
        -0.7321,
        423.347449
      ],
      [
        -0.7487,
        0.139,
        -0.6481,
        -547.4504099999999
      ],
      [
        0.0,
        -0.9778,
        -0.2097,
        -200.95369399999998
      ],
      [
        0.0,
        0.0,
        0.0,
        1.0
      ]
    ],
    [
      [
        0.6629,
        0.157,
        -0.7321,
        423.224467
      ],
      [
        -0.7487,
        0.139,
        -0.6481,
        -547.521846
      ],
      [
        0.0,
        -0.9778,
        -0.2097,
        -200.972482
      ],
      [
        0.0,
        0.0,
        0.0,
        1.0
      ]
    ],
    [
      [
        0.6629,
        0.157,
        -0.7321,
        423.10148399999997
      ],
      [
        -0.7487,
        0.139,
        -0.6481,
        -547.5932809999999
      ],
      [
        0.0,
        -0.9778,
        -0.2097,
        -200.99127000000001
      ],
      [
        0.0,
        0.0,
        0.0,
        1.0
      ]
    ],
    [
      [
        0.6644,
        0.156,
        -0.7309,
        423.02260499999994
      ],
      [
        -0.7473,
        0.1387,
        -0.6498,
        -547.7108800000001
      ],
      [
        0.0,
        -0.978,
        -0.2088,
        -200.999362
      ],
      [
        0.0,
        0.0,
        0.0,
        1.0
      ]
    ],
    [
      [
        0.666,
        0.1551,
        -0.7296,
        422.943725
      ],
      [
        -0.7459,
        0.1384,
        -0.6515,
        -547.828479
      ],
      [
        0.0,
        -0.9782,
        -0.2079,
        -201.007454
      ],
      [
        0.0,
        0.0,
        0.0,
        1.0
      ]
    ],
    [
      [
        0.6676,
        0.1541,
        -0.7284,
        422.864845
      ],
      [
        -0.7446,
        0.1382,
        -0.6531,
        -547.946079
      ],
      [
        -0.0,
        -0.9783,
        -0.207,
        -201.015546
      ],
      [
        0.0,
        0.0,
        0.0,
        1.0
      ]
    ],
    [
      [
        0.6691,
        0.1531,
        -0.7272,
        422.785965
      ],
      [
        -0.7432,
        0.1379,
        -0.6548,
        -548.063678
      ],
      [
        0.0,
        -0.9785,
        -0.2061,
        -201.023638
      ],
      [
        0.0,
        0.0,
        0.0,
        1.0
      ]
    ],
    [
      [
        0.6707,
        0.1522,
        -0.726,
        422.707086
      ],
      [
        -0.7418,
        0.1376,
        -0.6564,
        -548.181277
      ],
      [
        0.0,
        -0.9787,
        -0.2052,
        -201.03172999999998
      ],
      [
        0.0,
        0.0,
        0.0,
        1.0
      ]
    ],
    [
      [
        0.6722,
        0.1512,
        -0.7247,
        422.628206
      ],
      [
        -0.7404,
        0.1373,
        -0.658,
        -548.2988760000001
      ],
      [
        0.0,
        -0.9789,
        -0.2042,
        -201.039822
      ],
      [
        0.0,
        0.0,
        0.0,
        1.0
      ]
    ],
    [
      [
        0.6738,
        0.1503,
        -0.7235,
        422.549326
      ],
      [
        -0.7389,
        0.137,
        -0.6597,
        -548.416475
      ],
      [
        0.0,
        -0.9791,
        -0.2033,
        -201.047914
      ],
      [
        0.0,
        0.0,
        0.0,
        1.0
      ]
    ],
    [
      [
        0.6753,
        0.1493,
        -0.7223,
        422.470447
      ],
      [
        -0.7375,
        0.1367,
        -0.6613,
        -548.5340739999999
      ],
      [
        -0.0,
        -0.9793,
        -0.2024,
        -201.05600600000002
      ],
      [
        0.0,
        0.0,
        0.0,
        1.0
      ]
    ],
    [
      [
        0.6768,
        0.1483,
        -0.721,
        422.391567
      ],
      [
        -0.7361,
        0.1364,
        -0.663,
        -548.651673
      ],
      [
        0.0,
        -0.9795,
        -0.2015,
        -201.064098
      ],
      [
        0.0,
        0.0,
        0.0,
        1.0
      ]
    ],
    [
      [
        0.6784,
        0.1474,
        -0.7198,
        422.312687
      ],
      [
        -0.7347,
        0.1361,
        -0.6646,
        -548.769272
      ],
      [
        0.0,
        -0.9797,
        -0.2006,
        -201.07219
      ],
      [
        0.0,
        0.0,
        0.0,
        1.0
      ]
    ],
    [
      [
        0.6799,
        0.1464,
        -0.7185,
        422.233807
      ],
      [
        -0.7333,
        0.1358,
        -0.6662,
        -548.886871
      ],
      [
        0.0,
        -0.9799,
        -0.1997,
        -201.080282
      ],
      [
        0.0,
        0.0,
        0.0,
        1.0
      ]
    ],
    [
      [
        0.6815,
        0.1455,
        -0.7173,
        422.154928
      ],
      [
        -0.7319,
        0.1355,
        -0.6678,
        -549.00447
      ],
      [
        -0.0,
        -0.98,
        -0.1988,
        -201.088375
      ],
      [
        0.0,
        0.0,
        0.0,
        1.0
      ]
    ],
    [
      [
        0.683,
        0.1446,
        -0.716,
        422.076048
      ],
      [
        -0.7304,
        0.1352,
        -0.6695,
        -549.12207
      ],
      [
        0.0,
        -0.9802,
        -0.1979,
        -201.09646700000002
      ],
      [
        0.0,
        0.0,
        0.0,
        1.0
      ]
    ],
    [
      [
        0.6845,
        0.1436,
        -0.7147,
        421.99716800000004
      ],
      [
        -0.729,
        0.1348,
        -0.6711,
        -549.239669
      ],
      [
        0.0,
        -0.9804,
        -0.197,
        -201.104559
      ],
      [
        0.0,
        0.0,
        0.0,
        1.0
      ]
    ],
    [
      [
        0.686,
        0.1427,
        -0.7135,
        421.918288
      ],
      [
        -0.7276,
        0.1345,
        -0.6727,
        -549.357268
      ],
      [
        0.0,
        -0.9806,
        -0.1961,
        -201.112651
      ],
      [
        0.0,
        0.0,
        0.0,
        1.0
      ]
    ],
    [
      [
        0.6875,
        0.1417,
        -0.7122,
        421.839409
      ],
      [
        -0.7261,
        0.1342,
        -0.6743,
        -549.474867
      ],
      [
        0.0,
        -0.9808,
        -0.1952,
        -201.120743
      ],
      [
        0.0,
        0.0,
        0.0,
        1.0
      ]
    ],
    [
      [
        0.6891,
        0.1408,
        -0.7109,
        421.760529
      ],
      [
        -0.7247,
        0.1339,
        -0.6759,
        -549.592466
      ],
      [
        0.0,
        -0.9809,
        -0.1943,
        -201.128835
      ],
      [
        0.0,
        0.0,
        0.0,
        1.0
      ]
    ],
    [
      [
        0.6906,
        0.1398,
        -0.7096,
        421.68164900000005
      ],
      [
        -0.7233,
        0.1335,
        -0.6775,
        -549.710065
      ],
      [
        0.0,
        -0.9811,
        -0.1934,
        -201.136927
      ],
      [
        0.0,
        0.0,
        0.0,
        1.0
      ]
    ],
    [
      [
        0.6921,
        0.1389,
        -0.7083,
        421.60277
      ],
      [
        -0.7218,
        0.1332,
        -0.6791,
        -549.827664
      ],
      [
        0.0,
        -0.9813,
        -0.1924,
        -201.145019
      ],
      [
        0.0,
        0.0,
        0.0,
        1.0
      ]
    ],
    [
      [
        0.6936,
        0.138,
        -0.707,
        421.52389000000005
      ],
      [
        -0.7204,
        0.1328,
        -0.6808,
        -549.945263
      ],
      [
        0.0,
        -0.9815,
        -0.1915,
        -201.153111
      ],
      [
        0.0,
        0.0,
        0.0,
        1.0
      ]
    ],
    [
      [
        0.6951,
        0.137,
        -0.7057,
        421.44500999999997
      ],
      [
        -0.7189,
        0.1325,
        -0.6824,
        -550.062862
      ],
      [
        0.0,
        -0.9817,
        -0.1906,
        -201.161203
      ],
      [
        0.0,
        0.0,
        0.0,
        1.0
      ]
    ],
    [
      [
        0.6966,
        0.1361,
        -0.7044,
        421.36613
      ],
      [
        -0.7175,
        0.1322,
        -0.6839,
        -550.1804619999999
      ],
      [
        0.0,
        -0.9818,
        -0.1897,
        -201.16929499999998
      ],
      [
        0.0,
        0.0,
        0.0,
        1.0
      ]
    ],
    [
      [
        0.6981,
        0.1352,
        -0.7031,
        421.287251
      ],
      [
        -0.716,
        0.1318,
        -0.6855,
        -550.298061
      ],
      [
        -0.0,
        -0.982,
        -0.1888,
        -201.17738799999998
      ],
      [
        0.0,
        0.0,
        0.0,
        1.0
      ]
    ],
    [
      [
        0.6996,
        0.1343,
        -0.7018,
        421.20837099999994
      ],
      [
        -0.7145,
        0.1315,
        -0.6871,
        -550.41566
      ],
      [
        -0.0,
        -0.9822,
        -0.1879,
        -201.18547999999998
      ],
      [
        0.0,
        0.0,
        0.0,
        1.0
      ]
    ],
    [
      [
        0.7011,
        0.1333,
        -0.7005,
        421.129491
      ],
      [
        -0.7131,
        0.1311,
        -0.6887,
        -550.533259
      ],
      [
        -0.0,
        -0.9824,
        -0.187,
        -201.193572
      ],
      [
        0.0,
        0.0,
        0.0,
        1.0
      ]
    ],
    [
      [
        0.7026,
        0.1324,
        -0.6992,
        421.050611
      ],
      [
        -0.7116,
        0.1307,
        -0.6903,
        -550.650858
      ],
      [
        -0.0,
        -0.9825,
        -0.1861,
        -201.201664
      ],
      [
        0.0,
        0.0,
        0.0,
        1.0
      ]
    ],
    [
      [
        0.7041,
        0.1315,
        -0.6979,
        420.971732
      ],
      [
        -0.7101,
        0.1304,
        -0.6919,
        -550.768457
      ],
      [
        0.0,
        -0.9827,
        -0.1852,
        -201.20975600000003
      ],
      [
        0.0,
        0.0,
        0.0,
        1.0
      ]
    ],
    [
      [
        0.7055,
        0.1306,
        -0.6965,
        420.892852
      ],
      [
        -0.7087,
        0.13,
        -0.6935,
        -550.886056
      ],
      [
        -0.0,
        -0.9829,
        -0.1843,
        -201.217848
      ],
      [
        0.0,
        0.0,
        0.0,
        1.0
      ]
    ],
    [
      [
        0.707,
        0.1297,
        -0.6952,
        420.813972
      ],
      [
        -0.7072,
        0.1296,
        -0.695,
        -551.003655
      ],
      [
        0.0,
        -0.983,
        -0.1833,
        -201.22594
      ],
      [
        0.0,
        0.0,
        0.0,
        1.0
      ]
    ],
    [
      [
        0.7085,
        0.1287,
        -0.6939,
        420.735093
      ],
      [
        -0.7057,
        0.1293,
        -0.6966,
        -551.121254
      ],
      [
        0.0,
        -0.9832,
        -0.1824,
        -201.234032
      ],
      [
        0.0,
        0.0,
        0.0,
        1.0
      ]
    ],
    [
      [
        0.71,
        0.1278,
        -0.6925,
        420.656213
      ],
      [
        -0.7042,
        0.1289,
        -0.6982,
        -551.2388530000001
      ],
      [
        0.0,
        -0.9834,
        -0.1815,
        -201.242124
      ],
      [
        0.0,
        0.0,
        0.0,
        1.0
      ]
    ],
    [
      [
        0.7114,
        0.1269,
        -0.6912,
        420.577333
      ],
      [
        -0.7027,
        0.1285,
        -0.6997,
        -551.356453
      ],
      [
        0.0,
        -0.9836,
        -0.1806,
        -201.250216
      ],
      [
        0.0,
        0.0,
        0.0,
        1.0
      ]
    ],
    [
      [
        0.7129,
        0.126,
        -0.6898,
        420.498453
      ],
      [
        -0.7013,
        0.1281,
        -0.7013,
        -551.474052
      ],
      [
        0.0,
        -0.9837,
        -0.1797,
        -201.258308
      ],
      [
        0.0,
        0.0,
        0.0,
        1.0
      ]
    ],
    [
      [
        0.7144,
        0.1251,
        -0.6885,
        420.419574
      ],
      [
        -0.6998,
        0.1277,
        -0.7029,
        -551.591651
      ],
      [
        -0.0,
        -0.9839,
        -0.1788,
        -201.2664
      ],
      [
        0.0,
        0.0,
        0.0,
        1.0
      ]
    ],
    [
      [
        0.7158,
        0.1242,
        -0.6871,
        420.340694
      ],
      [
        -0.6983,
        0.1273,
        -0.7044,
        -551.70925
      ],
      [
        0.0,
        -0.9841,
        -0.1779,
        -201.274493
      ],
      [
        0.0,
        0.0,
        0.0,
        1.0
      ]
    ],
    [
      [
        0.7173,
        0.1233,
        -0.6858,
        420.261814
      ],
      [
        -0.6968,
