{
  "poses": [
    [
      [
        0.6293,
        0.0177,
        -0.7769,
        18.081293000000002
      ],
      [
        -0.7771,
        0.0143,
        -0.6292,
        0.19950299999999999
      ],
      [
        -0.0,
        -0.9997,
        -0.0228,
        4.1467290000000006
      ],
      [
        0.0,
        0.0,
        0.0,
        1.0
      ]
    ],
    [
      [
        0.6293,
        0.0177,
        -0.7769,
        18.081293000000002
      ],
      [
        -0.7771,
        0.0143,
        -0.6292,
        0.19950299999999999
      ],
      [
        -0.0,
        -0.9997,
        -0.0228,
        4.200487
      ],
      [
        0.0,
        0.0,
        0.0,
        1.0
      ]
    ],
    [
      [
        0.6293,
        0.0177,
        -0.7769,
        18.081293000000002
      ],
      [
        -0.7771,
        0.0143,
        -0.6292,
        0.19950299999999999
      ],
      [
        -0.0,
        -0.9997,
        -0.0228,
        4.254245
      ],
      [
        0.0,
        0.0,
        0.0,
        1.0
      ]
    ],
    [
      [
        0.6293,
        0.0177,
        -0.7769,
        18.081293000000002
      ],
      [
        -0.7771,
        0.0143,
        -0.6292,
        0.19950299999999999
      ],
      [
        -0.0,
        -0.9997,
        -0.0228,
        4.308003
      ],
      [
        0.0,
        0.0,
        0.0,
        1.0
      ]
    ],
    [
      [
        0.6293,
        0.0177,
        -0.7769,
        18.081293000000002
      ],
      [
        -0.7771,
        0.0143,
        -0.6292,
        0.19950299999999999
      ],
      [
        -0.0,
        -0.9997,
        -0.0228,
        4.361762
      ],
      [
        0.0,
        0.0,
        0.0,
        1.0
      ]
    ],
    [
      [
        0.6293,
        0.0177,
        -0.7769,
        18.081293000000002
      ],
      [
        -0.7771,
        0.0143,
        -0.6292,
        0.19950299999999999
      ],
      [
        -0.0,
        -0.9997,
        -0.0228,
        4.41552
      ],
      [
        0.0,
        0.0,
        0.0,
        1.0
      ]
    ],
    [
      [
        0.6293,
        0.0177,
        -0.7769,
        18.081293000000002
      ],
      [
        -0.7771,
        0.0143,
        -0.6292,
        0.19950299999999999
      ],
      [
        -0.0,
        -0.9997,
        -0.0228,
        4.469278
      ],
      [
        0.0,
        0.0,
        0.0,
        1.0
      ]
    ],
    [
      [
        0.6293,
        0.0177,
        -0.7769,
        18.081293000000002
      ],
      [
        -0.7771,
        0.0143,
        -0.6292,
        0.19950299999999999
      ],
      [
        -0.0,
        -0.9997,
        -0.0228,
        4.523036
      ],
      [
        0.0,
        0.0,
        0.0,
        1.0
      ]
    ],
    [
      [
        0.6293,
        0.0177,
        -0.7769,
        18.081293000000002
      ],
      [
        -0.7771,
        0.0143,
        -0.6292,
        0.19950299999999999
      ],
      [
        -0.0,
        -0.9997,
        -0.0228,
        4.576795000000001
      ],
      [
        0.0,
        0.0,
        0.0,
        1.0
      ]
    ],
    [
      [
        0.6293,
        0.0177,
        -0.7769,
        18.081293000000002
      ],
      [
        -0.7771,
        0.0143,
        -0.6292,
        0.19950299999999999
      ],
      [
        -0.0,
        -0.9997,
        -0.0228,
        4.630553
      ],
      [
        0.0,
        0.0,
        0.0,
        1.0
      ]
    ],
    [
      [
        0.6293,
        0.0177,
        -0.7769,
        18.081293000000002
      ],
      [
        -0.7771,
        0.0143,
        -0.6292,
        0.19950299999999999
      ],
      [
        -0.0,
        -0.9997,
        -0.0228,
        4.684311
      ],
      [
        0.0,
        0.0,
        0.0,
        1.0
      ]
    ],
    [
      [
        0.6293,
        0.0177,
        -0.7769,
        18.081293000000002
      ],
      [
        -0.7771,
        0.0143,
        -0.6292,
        0.19950299999999999
      ],
      [
        -0.0,
        -0.9997,
        -0.0228,
        4.738068999999999
      ],
      [
        0.0,
        0.0,
        0.0,
        1.0
      ]
    ],
    [
      [
        0.6293,
        0.0177,
        -0.7769,
        18.081293000000002
      ],
      [
        -0.7771,
        0.0143,
        -0.6292,
        0.19950299999999999
      ],
      [
        -0.0,
        -0.9997,
        -0.0228,
        4.791828
      ],
      [
        0.0,
        0.0,
        0.0,
        1.0
      ]
    ],
    [
      [
        0.6293,
        0.0177,
        -0.7769,
        18.081293000000002
      ],
      [
        -0.7771,
        0.0143,
        -0.6292,
        0.19950299999999999
      ],
      [
        -0.0,
        -0.9997,
        -0.0228,
        4.845586
      ],
      [
        0.0,
        0.0,
        0.0,
        1.0
      ]
    ],
    [
      [
        0.6293,
        0.0177,
        -0.7769,
        18.081293000000002
      ],
      [
        -0.7771,
        0.0143,
        -0.6292,
        0.19950299999999999
      ],
      [
        -0.0,
        -0.9997,
        -0.0228,
        4.899344
      ],
      [
        0.0,
        0.0,
        0.0,
        1.0
      ]
    ],
    [
      [
        0.6293,
        0.0177,
        -0.7769,
        18.081293000000002
      ],
      [
        -0.7771,
        0.0143,
        -0.6292,
        0.19950299999999999
      ],
      [
        -0.0,
        -0.9997,
        -0.0228,
        4.953103
      ],
      [
        0.0,
        0.0,
        0.0,
        1.0
      ]
    ],
    [
      [
        0.6293,
        0.0177,
        -0.7769,
        18.081293000000002
      ],
      [
        -0.7771,
        0.0143,
        -0.6292,
        0.19950299999999999
      ],
      [
        -0.0,
        -0.9997,
        -0.0228,
        5.006861
      ],
      [
        0.0,
        0.0,
        0.0,
        1.0
      ]
    ],
    [
      [
        0.6293,
        0.0177,
        -0.7769,
        18.081293000000002
      ],
      [
        -0.7771,
        0.0143,
        -0.6292,
        0.19950299999999999
      ],
      [
        -0.0,
        -0.9997,
        -0.0228,
        5.060619
      ],
      [
        0.0,
        0.0,
        0.0,
        1.0
      ]
    ],
    [
      [
        0.6293,
        0.0177,
        -0.7769,
        18.081293000000002
      ],
      [
        -0.7771,
        0.0143,
        -0.6292,
        0.19950299999999999
      ],
      [
        -0.0,
        -0.9997,
        -0.0228,
        5.114377
      ],
      [
        0.0,
        0.0,
        0.0,
        1.0
      ]
    ],
    [
      [
        0.6293,
        0.0177,
        -0.7769,
        18.081293000000002
      ],
      [
        -0.7771,
        0.0143,
        -0.6292,
        0.19950299999999999
      ],
      [
        -0.0,
        -0.9997,
        -0.0228,
        5.168136
      ],
      [
        0.0,
        0.0,
        0.0,
        1.0
      ]
    ],
    [
      [
        0.6293,
        0.0177,
        -0.7769,
        18.081293000000002
      ],
      [
        -0.7771,
        0.0143,
        -0.6292,
        0.19950299999999999
      ],
      [
        -0.0,
        -0.9997,
        -0.0228,
        5.221894
      ],
      [
        0.0,
        0.0,
        0.0,
        1.0
      ]
    ],
    [
      [
        0.6293,
        0.0177,
        -0.7769,
        18.081293000000002
      ],
      [
        -0.7771,
        0.0143,
        -0.6292,
        0.19950299999999999
      ],
      [
        -0.0,
        -0.9997,
        -0.0228,
        5.275652
      ],
      [
        0.0,
        0.0,
        0.0,
        1.0
      ]
    ],
    [
      [
        0.6293,
        0.0177,
        -0.7769,
        18.081293000000002
      ],
      [
        -0.7771,
        0.0143,
        -0.6292,
        0.19950299999999999
      ],
      [
        -0.0,
        -0.9997,
        -0.0228,
        5.32941
      ],
      [
        0.0,
        0.0,
        0.0,
        1.0
      ]
    ],
    [
      [
        0.6293,
        0.0177,
        -0.7769,
        18.081293000000002
      ],
      [
        -0.7771,
        0.0143,
        -0.6292,
        0.19950299999999999
      ],
      [
        -0.0,
        -0.9997,
        -0.0228,
        5.3831690000000005
      ],
      [
        0.0,
        0.0,
        0.0,
        1.0
      ]
    ],
    [
      [
        0.6293,
        0.0177,
        -0.7769,
        18.081293000000002
      ],
      [
        -0.7771,
        0.0143,
        -0.6292,
        0.19950299999999999
      ],
      [
        -0.0,
        -0.9997,
        -0.0228,
        5.436927
      ],
      [
        0.0,
        0.0,
        0.0,
        1.0
      ]
    ],
    [
      [
        0.6293,
        0.0177,
        -0.7769,
        18.081293000000002
      ],
      [
        -0.7771,
        0.0143,
        -0.6292,
        0.19950299999999999
      ],
      [
        -0.0,
        -0.9997,
        -0.0228,
        5.490685
      ],
      [
        0.0,
        0.0,
        0.0,
        1.0
      ]
    ],
    [
      [
        0.6293,
        0.0177,
        -0.7769,
        18.081293000000002
      ],
      [
        -0.7771,
        0.0143,
        -0.6292,
        0.19950299999999999
      ],
      [
        -0.0,
        -0.9997,
        -0.0228,
        5.544443
      ],
      [
        0.0,
        0.0,
        0.0,
        1.0
      ]
    ],
    [
      [
        0.6293,
        0.0177,
        -0.7769,
        18.081293000000002
      ],
      [
        -0.7771,
        0.0143,
        -0.6292,
        0.19950299999999999
      ],
      [
        -0.0,
        -0.9997,
        -0.0228,
        5.598202
      ],
      [
        0.0,
        0.0,
        0.0,
        1.0
      ]
    ],
    [
      [
        0.6293,
        0.0177,
        -0.7769,
        18.081293000000002
      ],
      [
        -0.7771,
        0.0143,
        -0.6292,
        0.19950299999999999
      ],
      [
        -0.0,
        -0.9997,
        -0.0228,
        5.65196
      ],
      [
        0.0,
        0.0,
        0.0,
        1.0
      ]
    ],
    [
      [
        0.6293,
        0.0177,
        -0.7769,
        18.081293000000002
      ],
      [
        -0.7771,
        0.0143,
        -0.6292,
        0.19950299999999999
      ],
      [
        -0.0,
        -0.9997,
        -0.0228,
        5.705718000000001
      ],
      [
        0.0,
        0.0,
        0.0,
        1.0
      ]
    ],
    [
      [
        0.6293,
        0.0177,
        -0.7769,
        18.081293000000002
      ],
      [
        -0.7771,
        0.0143,
        -0.6292,
        0.19950299999999999
      ],
      [
        -0.0,
        -0.9997,
        -0.0228,
        5.759475999999999
      ],
      [
        0.0,
        0.0,
        0.0,
        1.0
      ]
    ],
    [
      [
        0.6293,
        0.0177,
        -0.7769,
        18.081293000000002
      ],
      [
        -0.7771,
        0.0143,
        -0.6292,
        0.19950299999999999
      ],
      [
        -0.0,
        -0.9997,
        -0.0228,
        5.813235
      ],
      [
        0.0,
        0.0,
        0.0,
        1.0
      ]
    ],
    [
      [
        0.6293,
        0.0177,
        -0.7769,
        18.081293000000002
      ],
      [
        -0.7771,
        0.0143,
        -0.6292,
        0.19950299999999999
      ],
      [
        -0.0,
        -0.9997,
        -0.0228,
        5.866993
      ],
      [
        0.0,
        0.0,
        0.0,
        1.0
      ]
    ],
    [
      [
        0.6293,
        0.0177,
        -0.7769,
        18.081293000000002
      ],
      [
        -0.7771,
        0.0143,
        -0.6292,
        0.19950299999999999
      ],
      [
        -0.0,
        -0.9997,
        -0.0228,
        5.920751
      ],
      [
        0.0,
        0.0,
        0.0,
        1.0
      ]
    ],
    [
      [
        0.6293,
        0.0177,
        -0.7769,
        18.081293000000002
      ],
      [
        -0.7771,
        0.0143,
        -0.6292,
        0.19950299999999999
      ],
      [
        -0.0,
        -0.9997,
        -0.0228,
        5.97451
      ],
      [
        0.0,
        0.0,
        0.0,
        1.0
      ]
    ],
    [
      [
        0.6293,
        0.0177,
        -0.7769,
        18.081293000000002
      ],
      [
        -0.7771,
        0.0143,
        -0.6292,
        0.19950299999999999
      ],
      [
        -0.0,
        -0.9997,
        -0.0228,
        6.028268000000001
      ],
      [
        0.0,
        0.0,
        0.0,
        1.0
      ]
    ],
    [
      [
        0.6293,
        0.0177,
        -0.7769,
        18.081293000000002
      ],
      [
        -0.7771,
        0.0143,
        -0.6292,
        0.19950299999999999
      ],
      [
        -0.0,
        -0.9997,
        -0.0228,
        6.082026
      ],
      [
        0.0,
        0.0,
        0.0,
        1.0
      ]
    ],
    [
      [
        0.6293,
        0.0177,
        -0.7769,
        18.081293000000002
      ],
      [
        -0.7771,
        0.0143,
        -0.6292,
        0.19950299999999999
      ],
      [
        -0.0,
        -0.9997,
        -0.0228,
        6.135784
      ],
      [
        0.0,
        0.0,
        0.0,
        1.0
      ]
    ],
    [
      [
        0.6293,
        0.0177,
        -0.7769,
        18.081293000000002
      ],
      [
        -0.7771,
        0.0143,
        -0.6292,
        0.19950299999999999
      ],
      [
        -0.0,
        -0.9997,
        -0.0228,
        6.189543
      ],
      [
        0.0,
        0.0,
        0.0,
        1.0
      ]
    ],
    [
      [
        0.6293,
        0.0177,
        -0.7769,
        18.081293000000002
      ],
      [
        -0.7771,
        0.0143,
        -0.6292,
        0.19950299999999999
      ],
      [
        -0.0,
        -0.9997,
        -0.0228,
        6.243301
      ],
      [
        0.0,
        0.0,
        0.0,
        1.0
      ]
    ],
    [
      [
        0.6293,
        0.0177,
        -0.7769,
        18.081293000000002
      ],
      [
        -0.7771,
        0.0143,
        -0.6292,
        0.19950299999999999
      ],
      [
        -0.0,
        -0.9997,
        -0.0228,
        6.297059000000001
      ],
      [
        0.0,
        0.0,
        0.0,
        1.0
      ]
    ],
    [
      [
        0.6293,
        0.0177,
        -0.7769,
        18.081293000000002
      ],
      [
        -0.7771,
        0.0143,
        -0.6292,
        0.19950299999999999
      ],
      [
        -0.0,
        -0.9997,
        -0.0228,
        6.350816999999999
      ],
      [
        0.0,
        0.0,
        0.0,
        1.0
      ]
    ],
    [
      [
        0.6293,
        0.0177,
        -0.7769,
        18.081293000000002
      ],
      [
        -0.7771,
        0.0143,
        -0.6292,
        0.19950299999999999
      ],
      [
        -0.0,
        -0.9997,
        -0.0228,
        6.404576
      ],
      [
        0.0,
        0.0,
        0.0,
        1.0
      ]
    ],
    [
      [
        0.6293,
        0.0177,
        -0.7769,
        18.081293000000002
      ],
      [
        -0.7771,
        0.0143,
        -0.6292,
        0.19950299999999999
      ],
      [
        -0.0,
        -0.9997,
        -0.0228,
        6.458334
      ],
      [
        0.0,
        0.0,
        0.0,
        1.0
      ]
    ],
    [
      [
        0.6293,
        0.0177,
        -0.7769,
        18.081293000000002
      ],
      [
        -0.7771,
        0.0143,
        -0.6292,
        0.19950299999999999
      ],
      [
        -0.0,
        -0.9997,
        -0.0228,
        6.512092
      ],
      [
        0.0,
        0.0,
        0.0,
        1.0
      ]
    ],
    [
      [
        0.6293,
        0.0177,
        -0.7769,
        18.081293000000002
      ],
      [
        -0.7771,
        0.0143,
        -0.6292,
        0.19950299999999999
      ],
      [
        -0.0,
        -0.9997,
        -0.0228,
        6.56585
      ],
      [
        0.0,
        0.0,
        0.0,
        1.0
      ]
    ],
    [
      [
        0.6293,
        0.0177,
        -0.7769,
        18.081293000000002
      ],
      [
        -0.7771,
        0.0143,
        -0.6292,
        0.19950299999999999
      ],
      [
        -0.0,
        -0.9997,
        -0.0228,
        6.6196090000000005
      ],
      [
        0.0,
        0.0,
        0.0,
        1.0
      ]
    ],
    [
      [
        0.6293,
        0.0177,
        -0.7769,
        18.081293000000002
      ],
      [
        -0.7771,
        0.0143,
        -0.6292,
        0.19950299999999999
      ],
      [
        -0.0,
        -0.9997,
        -0.0228,
        6.673367
      ],
      [
        0.0,
        0.0,
        0.0,
        1.0
      ]
    ],
    [
      [
        0.6293,
        0.0177,
        -0.7769,
        18.081293000000002
      ],
      [
        -0.7771,
        0.0143,
        -0.6292,
        0.19950299999999999
      ],
      [
        -0.0,
        -0.9997,
        -0.0228,
        6.727125
      ],
      [
        0.0,
        0.0,
        0.0,
        1.0
      ]
    ],
    [
      [
        0.6293,
        0.0177,
        -0.7769,
        18.081293000000002
      ],
      [
        -0.7771,
        0.0143,
        -0.6292,
        0.19950299999999999
      ],
      [
        -0.0,
        -0.9997,
        -0.0228,
        6.7808839999999995
      ],
      [
        0.0,
        0.0,
        0.0,
        1.0
      ]
    ],
    [
      [
        0.6293,
        0.0177,
        -0.7769,
        18.081293000000002
      ],
      [
        -0.7771,
        0.0143,
        -0.6292,
        0.19950299999999999
      ],
      [
        -0.0,
        -0.9997,
        -0.0228,
        6.834642
      ],
      [
        0.0,
        0.0,
        0.0,
        1.0
      ]
    ],
    [
      [
        0.6293,
        0.0177,
        -0.7769,
        18.081293000000002
      ],
      [
        -0.7771,
        0.0143,
        -0.6292,
        0.19950299999999999
      ],
      [
        -0.0,
        -0.9997,
        -0.0228,
        6.888400000000001
      ],
      [
        0.0,
        0.0,
        0.0,
        1.0
      ]
    ],
    [
      [
        0.6293,
        0.0177,
        -0.7769,
        18.081293000000002
      ],
      [
        -0.7771,
        0.0143,
        -0.6292,
        0.19950299999999999
      ],
      [
        -0.0,
        -0.9997,
        -0.0228,
        6.942157999999999
      ],
      [
        0.0,
        0.0,
        0.0,
        1.0
      ]
    ],
    [
      [
        0.6293,
        0.0177,
        -0.7769,
        18.081293000000002
      ],
      [
        -0.7771,
        0.0143,
        -0.6292,
        0.19950299999999999
      ],
      [
        -0.0,
        -0.9997,
        -0.0228,
        6.9959169999999995
      ],
      [
        0.0,
        0.0,
        0.0,
        1.0
      ]
    ],
    [
      [
        0.6293,
        0.0177,
        -0.7769,
        18.081293000000002
      ],
      [
        -0.7771,
        0.0143,
        -0.6292,
        0.19950299999999999
      ],
      [
        -0.0,
        -0.9997,
        -0.0228,
        7.049675
      ],
      [
        0.0,
        0.0,
        0.0,
        1.0
      ]
    ],
    [
      [
        0.6293,
        0.0177,
        -0.7769,
        18.081293000000002
      ],
      [
        -0.7771,
        0.0143,
        -0.6292,
        0.19950299999999999
      ],
      [
        -0.0,
        -0.9997,
        -0.0228,
        7.103433
      ],
      [
        0.0,
        0.0,
        0.0,
        1.0
      ]
    ],
    [
      [
        0.6293,
        0.0177,
        -0.7769,
        18.081293000000002
      ],
      [
        -0.7771,
        0.0143,
        -0.6292,
        0.19950299999999999
      ],
      [
        -0.0,
        -0.9997,
        -0.0228,
        7.157191
      ],
      [
        0.0,
        0.0,
        0.0,
        1.0
      ]
    ],
    [
      [
        0.6293,
        0.0177,
        -0.7769,
        18.081293000000002
      ],
      [
        -0.7771,
        0.0143,
        -0.6292,
        0.19950299999999999
      ],
      [
        -0.0,
        -0.9997,
        -0.0228,
        7.21095
      ],
      [
        0.0,
        0.0,
        0.0,
        1.0
      ]
    ],
    [
      [
        0.6293,
        0.0177,
        -0.7769,
        18.081293000000002
      ],
      [
        -0.7771,
        0.0143,
        -0.6292,
        0.19950299999999999
      ],
      [
        -0.0,
        -0.9997,
        -0.0228,
        7.264708000000001
      ],
      [
        0.0,
        0.0,
        0.0,
        1.0
      ]
    ],
    [
      [
        0.6293,
        0.0177,
        -0.7769,
        18.081293000000002
      ],
      [
        -0.7771,
        0.0143,
        -0.6292,
        0.19950299999999999
      ],
      [
        -0.0,
        -0.9997,
        -0.0228,
        7.318466
      ],
      [
        0.0,
        0.0,
        0.0,
        1.0
      ]
    ],
    [
      [
        0.6293,
        0.0177,
        -0.7769,
        18.081293000000002
      ],
      [
        -0.7771,
        0.0143,
        -0.6292,
        0.19950299999999999
      ],
      [
        -0.0,
        -0.9997,
        -0.0228,
        7.372224
      ],
      [
        0.0,
        0.0,
        0.0,
        1.0
      ]
    ],
    [
      [
        0.6293,
        0.0177,
        -0.7769,
        18.081293000000002
      ],
      [
        -0.7771,
        0.0143,
        -0.6292,
        0.19950299999999999
      ],
      [
        -0.0,
        -0.9997,
        -0.0228,
        7.425983
      ],
      [
        0.0,
        0.0,
        0.0,
        1.0
      ]
    ],
    [
      [
        0.6293,
        0.0177,
        -0.7769,
        18.081293000000002
      ],
      [
        -0.7771,
        0.0143,
        -0.6292,
        0.19950299999999999
      ],
      [
        -0.0,
        -0.9997,
        -0.0228,
        7.479741000000001
      ],
      [
        0.0,
        0.0,
        0.0,
        1.0
      ]
    ],
    [
      [
        0.6293,
        0.0177,
        -0.7769,
        18.081293000000002
      ],
      [
        -0.7771,
        0.0143,
        -0.6292,
        0.19950299999999999
      ],
      [
        -0.0,
        -0.9997,
        -0.0228,
        7.533499000000001
      ],
      [
        0.0,
        0.0,
        0.0,
        1.0
      ]
    ],
    [
      [
        0.6293,
        0.0177,
        -0.7769,
        18.081293000000002
      ],
      [
        -0.7771,
        0.0143,
        -0.6292,
        0.19950299999999999
      ],
      [
        -0.0,
        -0.9997,
        -0.0228,
        7.587258
      ],
      [
        0.0,
        0.0,
        0.0,
        1.0
      ]
    ],
    [
      [
        0.6293,
        0.0177,
        -0.7769,
        18.081293000000002
      ],
      [
        -0.7771,
        0.0143,
        -0.6292,
        0.19950299999999999
      ],
      [
        -0.0,
        -0.9997,
        -0.0228,
        7.641016
      ],
      [
        0.0,
        0.0,
        0.0,
        1.0
      ]
    ],
    [
      [
        0.6293,
        0.0177,
        -0.7769,
        18.081293000000002
      ],
      [
        -0.7771,
        0.0143,
        -0.6292,
        0.19950299999999999
      ],
      [
        -0.0,
        -0.9997,
        -0.0228,
        7.694774
      ],
      [
        0.0,
        0.0,
        0.0,
        1.0
      ]
    ],
    [
      [
        0.6293,
        0.0177,
        -0.7769,
        18.081293000000002
      ],
      [
        -0.7771,
        0.0143,
        -0.6292,
        0.19950299999999999
      ],
      [
        -0.0,
        -0.9997,
        -0.0228,
        7.748532
      ],
      [
        0.0,
        0.0,
        0.0,
        1.0
      ]
    ],
    [
      [
        0.6293,
        0.0177,
        -0.7769,
        18.081293000000002
      ],
      [
        -0.7771,
        0.0143,
        -0.6292,
        0.19950299999999999
      ],
      [
        -0.0,
        -0.9997,
        -0.0228,
        7.802291
      ],
      [
        0.0,
        0.0,
        0.0,
        1.0
      ]
    ],
    [
      [
        0.6293,
        0.0177,
        -0.7769,
        18.081293000000002
      ],
      [
        -0.7771,
        0.0143,
        -0.6292,
        0.19950299999999999
      ],
      [
        -0.0,
        -0.9997,
        -0.0228,
        7.8560490000000005
      ],
      [
        0.0,
        0.0,
        0.0,
        1.0
      ]
    ],
    [
      [
        0.6293,
        0.0177,
        -0.7769,
        18.081293000000002
      ],
      [
        -0.7771,
        0.0143,
        -0.6292,
        0.19950299999999999
      ],
      [
        -0.0,
        -0.9997,
        -0.0228,
        7.909807
      ],
      [
        0.0,
        0.0,
        0.0,
        1.0
      ]
    ],
    [
      [
        0.6293,
        0.0177,
        -0.7769,
        18.081293000000002
      ],
      [
        -0.7771,
        0.0143,
        -0.6292,
        0.19950299999999999
      ],
      [
        -0.0,
        -0.9997,
        -0.0228,
        7.963565
      ],
      [
        0.0,
        0.0,
        0.0,
        1.0
      ]
    ],
    [
      [
        0.6293,
        0.0177,
        -0.7769,
        18.081293000000002
      ],
      [
        -0.7771,
        0.0143,
        -0.6292,
        0.19950299999999999
      ],
      [
        -0.0,
        -0.9997,
        -0.0228,
        8.017324
      ],
      [
        0.0,
        0.0,
        0.0,
        1.0
      ]
    ],
    [
      [
        0.6293,
        0.0177,
        -0.7769,
        18.081293000000002
      ],
      [
        -0.7771,
        0.0143,
        -0.6292,
        0.19950299999999999
      ],
      [
        -0.0,
        -0.9997,
        -0.0228,
        8.071082
      ],
      [
        0.0,
        0.0,
        0.0,
        1.0
      ]
    ],
    [
      [
        0.6293,
        0.0177,
        -0.7769,
        18.081293000000002
      ],
      [
        -0.7771,
        0.0143,
        -0.6292,
        0.19950299999999999
      ],
      [
        -0.0,
        -0.9997,
        -0.0228,
        8.12484
      ],
      [
        0.0,
        0.0,
        0.0,
        1.0
      ]
    ],
    [
      [
        0.6293,
        0.0177,
        -0.7769,
        18.081293000000002
      ],
      [
        -0.7771,
        0.0143,
        -0.6292,
        0.19950299999999999
      ],
      [
        -0.0,
        -0.9997,
        -0.0228,
        8.178598
      ],
      [
        0.0,
        0.0,
        0.0,
        1.0
      ]
    ],
    [
      [
        0.6293,
        0.0177,
        -0.7769,
        18.081293000000002
      ],
      [
        -0.7771,
        0.0143,
        -0.6292,
        0.19950299999999999
      ],
      [
        -0.0,
        -0.9997,
        -0.0228,
        8.232357
      ],
      [
        0.0,
        0.0,
        0.0,
        1.0
      ]
    ],
    [
      [
        0.6293,
        0.0177,
        -0.7769,
        18.081293000000002
      ],
      [
        -0.7771,
        0.0143,
        -0.6292,
        0.19950299999999999
      ],
      [
        -0.0,
        -0.9997,
        -0.0228,
        8.286115
      ],
      [
        0.0,
        0.0,
        0.0,
        1.0
      ]
    ],
    [
      [
        0.6293,
        0.0177,
        -0.7769,
        18.081293000000002
      ],
      [
        -0.7771,
        0.0143,
        -0.6292,
        0.19950299999999999
      ],
      [
        -0.0,
        -0.9997,
        -0.0228,
        8.339873
      ],
      [
        0.0,
        0.0,
        0.0,
        1.0
      ]
    ],
    [
      [
        0.6293,
        0.0177,
        -0.7769,
        18.081293000000002
      ],
      [
        -0.7771,
        0.0143,
        -0.6292,
        0.19950299999999999
      ],
      [
        -0.0,
        -0.9997,
        -0.0228,
        8.393632
      ],
      [
        0.0,
        0.0,
        0.0,
        1.0
      ]
    ],
    [
      [
        0.6293,
        0.0177,
        -0.7769,
        18.081293000000002
      ],
      [
        -0.7771,
        0.0143,
        -0.6292,
        0.19950299999999999
      ],
      [
        -0.0,
        -0.9997,
        -0.0228,
        8.44739
      ],
      [
        0.0,
        0.0,
        0.0,
        1.0
      ]
    ],
    [
      [
        0.6293,
        0.0177,
        -0.7769,
        18.081293000000002
      ],
      [
        -0.7771,
        0.0143,
        -0.6292,
        0.19950299999999999
      ],
      [
        -0.0,
        -0.9997,
        -0.0228,
        8.501147999999999
      ],
      [
        0.0,
        0.0,
        0.0,
        1.0
      ]
    ],
    [
      [
        0.6293,
        0.0177,
        -0.7769,
        18.081293000000002
      ],
      [
        -0.7771,
        0.0143,
        -0.6292,
        0.19950299999999999
      ],
      [
        -0.0,
        -0.9997,
        -0.0228,
        8.554905999999999
      ],
      [
        0.0,
        0.0,
        0.0,
        1.0
      ]
    ],
    [
      [
        0.6293,
        0.0177,
        -0.7769,
        18.081293000000002
      ],
      [
        -0.7771,
        0.0143,
        -0.6292,
        0.19950299999999999
      ],
      [
        -0.0,
        -0.9997,
        -0.0228,
        8.608665
      ],
      [
        0.0,
        0.0,
        0.0,
        1.0
      ]
    ],
    [
      [
        0.6293,
        0.0177,
        -0.7769,
        18.081293000000002
      ],
      [
        -0.7771,
        0.0143,
        -0.6292,
        0.19950299999999999
      ],
      [
        -0.0,
        -0.9997,
        -0.0228,
        8.662423
      ],
      [
        0.0,
        0.0,
        0.0,
        1.0
      ]
    ],
    [
      [
        0.6293,
        0.0177,
        -0.7769,
        18.081293000000002
      ],
      [
        -0.7771,
        0.0143,
        -0.6292,
        0.19950299999999999
      ],
      [
        -0.0,
        -0.9997,
        -0.0228,
        8.716181
      ],
      [
        0.0,
        0.0,
        0.0,
        1.0
      ]
    ],
    [
      [
        0.6293,
        0.0177,
        -0.7769,
        18.081293000000002
      ],
      [
        -0.7771,
        0.0143,
        -0.6292,
        0.19950299999999999
      ],
      [
        -0.0,
        -0.9997,
        -0.0228,
        8.769939
      ],
      [
        0.0,
        0.0,
        0.0,
        1.0
      ]
    ],
    [
      [
        0.6293,
        0.0177,
        -0.7769,
        18.081293000000002
      ],
      [
        -0.7771,
        0.0143,
        -0.6292,
        0.19950299999999999
      ],
      [
        -0.0,
        -0.9997,
        -0.0228,
        8.823698
      ],
      [
        0.0,
        0.0,
        0.0,
        1.0
      ]
    ],
    [
      [
        0.6293,
        0.0177,
        -0.7769,
        18.081293000000002
      ],
      [
        -0.7771,
        0.0143,
        -0.6292,
        0.19950299999999999
      ],
      [
        -0.0,
        -0.9997,
        -0.0228,
        8.877456
      ],
      [
        0.0,
        0.0,
        0.0,
        1.0
      ]
    ],
    [
      [
        0.6293,
        0.0177,
        -0.7769,
        18.081293000000002
      ],
      [
        -0.7771,
        0.0143,
        -0.6292,
        0.19950299999999999
      ],
      [
        -0.0,
        -0.9997,
        -0.0228,
        8.931214
      ],
      [
        0.0,
        0.0,
        0.0,
        1.0
      ]
    ],
    [
      [
        0.6293,
        0.0177,
        -0.7769,
        18.081293000000002
      ],
      [
        -0.7771,
        0.0143,
        -0.6292,
        0.19950299999999999
      ],
      [
        -0.0,
        -0.9997,
        -0.0228,
        8.984972
      ],
      [
        0.0,
        0.0,
        0.0,
        1.0
      ]
    ],
    [
      [
        0.6293,
        0.0177,
        -0.7769,
        18.081293000000002
      ],
      [
        -0.7771,
        0.0143,
        -0.6292,
        0.19950299999999999
      ],
      [
        -0.0,
        -0.9997,
        -0.0228,
        9.038731
      ],
      [
        0.0,
        0.0,
        0.0,
        1.0
      ]
    ],
    [
      [
        0.6293,
        0.0177,
        -0.7769,
        18.081293000000002
      ],
      [
        -0.7771,
        0.0143,
        -0.6292,
        0.19950299999999999
      ],
      [
        -0.0,
        -0.9997,
        -0.0228,
        9.092489
      ],
      [
        0.0,
        0.0,
        0.0,
        1.0
      ]
    ],
    [
      [
        0.6293,
        0.0177,
        -0.7769,
        18.081293000000002
      ],
      [
        -0.7771,
        0.0143,
        -0.6292,
        0.19950299999999999
      ],
      [
        -0.0,
        -0.9997,
        -0.0228,
        9.146246999999999
      ],
      [
        0.0,
        0.0,
        0.0,
        1.0
      ]
    ],
    [
      [
        0.6293,
        0.0177,
        -0.7769,
        18.081293000000002
      ],
      [
        -0.7771,
        0.0143,
        -0.6292,
        0.19950299999999999
      ],
      [
        -0.0,
        -0.9997,
        -0.0228,
        9.200006
      ],
      [
        0.0,
        0.0,
        0.0,
        1.0
      ]
    ],
    [
      [
        0.6293,
        0.0177,
        -0.7769,
        18.081293000000002
      ],
      [
        -0.7771,
        0.0143,
        -0.6292,
        0.19950299999999999
      ],
      [
        -0.0,
        -0.9997,
        -0.0228,
        9.253764
      ],
      [
        0.0,
        0.0,
        0.0,
        1.0
      ]
    ],
    [
      [
        0.6293,
        0.0177,
        -0.7769,
        18.081293000000002
      ],
      [
        -0.7771,
        0.0143,
        -0.6292,
        0.19950299999999999
      ],
      [
        -0.0,
        -0.9997,
        -0.0228,
        9.307522
      ],
      [
        0.0,
        0.0,
        0.0,
        1.0
      ]
    ],
    [
      [
        0.6293,
        0.0177,
        -0.7769,
        18.081293000000002
      ],
      [
        -0.7771,
        0.0143,
        -0.6292,
        0.19950299999999999
      ],
      [
        -0.0,
        -0.9997,
        -0.0228,
        9.36128
      ],
      [
        0.0,
        0.0,
        0.0,
        1.0
      ]
    ],
    [
      [
        0.6293,
        0.0177,
        -0.7769,
        18.081293000000002
      ],
      [
        -0.7771,
        0.0143,
        -0.6292,
        0.19950299999999999
      ],
      [
        -0.0,
        -0.9997,
        -0.0228,
        9.415039
      ],
      [
        0.0,
        0.0,
        0.0,
        1.0
      ]
    ],
    [
      [
        0.6293,
        0.0177,
        -0.7769,
        18.081293000000002
      ],
      [
        -0.7771,
        0.0143,
        -0.6292,
        0.19950299999999999
      ],
      [
        -0.0,
        -0.9997,
        -0.0228,
        9.468797
      ],
      [
        0.0,
        0.0,
        0.0,
        1.0
      ]
    ],
    [
      [
        0.6293,
        0.0177,
        -0.7769,
        18.081293000000002
      ],
      [
        -0.7771,
        0.0143,
        -0.6292,
        0.19950299999999999
      ],
      [
        -0.0,
        -0.9997,
        -0.0228,
        9.522555
      ],
      [
        0.0,
        0.0,
        0.0,
        1.0
      ]
    ],
    [
      [
        0.6293,
        0.0177,
        -0.7769,
        18.081293000000002
      ],
      [
        -0.7771,
        0.0143,
        -0.6292,
        0.19950299999999999
      ],
      [
        -0.0,
        -0.9997,
        -0.0228,
        9.576313
      ],
      [
        0.0,
        0.0,
        0.0,
        1.0
      ]
    ],
    [
      [
        0.6293,
        0.0177,
        -0.7769,
        18.081293000000002
      ],
      [
        -0.7771,
        0.0143,
        -0.6292,
        0.19950299999999999
      ],
      [
        -0.0,
        -0.9997,
        -0.0228,
        9.630072
      ],
      [
        0.0,
        0.0,
        0.0,
        1.0
      ]
    ],
    [
      [
        0.6293,
        0.0177,
        -0.7769,
        18.081293000000002
      ],
      [
        -0.7771,
        0.0143,
        -0.6292,
        0.19950299999999999
      ],
      [
        -0.0,
        -0.9997,
        -0.0228,
        9.68383
      ],
      [
        0.0,
        0.0,
        0.0,
        1.0
      ]
    ],
    [
      [
        0.6293,
        0.0177,
        -0.7769,
        18.081293000000002
      ],
      [
        -0.7771,
        0.0143,
        -0.6292,
        0.19950299999999999
      ],
      [
        -0.0,
        -0.9997,
        -0.0228,
        9.737587999999999
      ],
      [
        0.0,
        0.0,
        0.0,
        1.0
      ]
    ],
    [
      [
        0.6293,
        0.0177,
        -0.7769,
        18.081293000000002
      ],
      [
        -0.7771,
        0.0143,
        -0.6292,
        0.19950299999999999
      ],
      [
        -0.0,
        -0.9997,
        -0.0228,
        9.791345999999999
      ],
      [
        0.0,
        0.0,
        0.0,
        1.0
      ]
    ],
    [
      [
        0.6293,
        0.0177,
        -0.7769,
        18.081293000000002
      ],
      [
        -0.7771,
        0.0143,
        -0.6292,
        0.19950299999999999
      ],
      [
        -0.0,
        -0.9997,
        -0.0228,
        9.845105
      ],
      [
        0.0,
        0.0,
        0.0,
        1.0
      ]
    ],
    [
      [
        0.6293,
        0.0177,
        -0.7769,
        18.081293000000002
      ],
      [
        -0.7771,
        0.0143,
        -0.6292,
        0.19950299999999999
      ],
      [
        -0.0,
        -0.9997,
        -0.0228,
        9.898863
      ],
      [
        0.0,
        0.0,
        0.0,
        1.0
      ]
    ],
    [
      [
        0.6293,
        0.0177,
        -0.7769,
        18.081293000000002
      ],
      [
        -0.7771,
        0.0143,
        -0.6292,
        0.19950299999999999
      ],
      [
        -0.0,
        -0.9997,
        -0.0228,
        9.952621
      ],
      [
        0.0,
        0.0,
        0.0,
        1.0
      ]
    ],
    [
      [
        0.6293,
        0.0177,
        -0.7769,
        18.081293000000002
      ],
      [
        -0.7771,
        0.0143,
        -0.6292,
        0.19950299999999999
      ],
      [
        -0.0,
        -0.9997,
        -0.0228,
        10.00638
      ],
      [
        0.0,
        0.0,
        0.0,
        1.0
      ]
    ],
    [
      [
        0.6293,
        0.0177,
        -0.7769,
        18.081293000000002
      ],
      [
        -0.7771,
        0.0143,
        -0.6292,
        0.19950299999999999
      ],
      [
        -0.0,
        -0.9997,
        -0.0228,
        10.060138
      ],
      [
        0.0,
        0.0,
        0.0,
        1.0
      ]
    ],
    [
      [
        0.6293,
        0.0177,
        -0.7769,
        18.081293000000002
      ],
      [
        -0.7771,
        0.0143,
        -0.6292,
        0.19950299999999999
      ],
      [
        -0.0,
        -0.9997,
        -0.0228,
        10.113896
      ],
      [
        0.0,
        0.0,
        0.0,
        1.0
      ]
    ],
    [
      [
        0.6293,
        0.0177,
        -0.7769,
        18.081293000000002
      ],
      [
        -0.7771,
        0.0143,
        -0.6292,
        0.19950299999999999
      ],
      [
        -0.0,
        -0.9997,
        -0.0228,
        10.167654
      ],
      [
        0.0,
        0.0,
        0.0,
        1.0
      ]
    ],
    [
      [
        0.6293,
        0.0177,
        -0.7769,
        18.081293000000002
      ],
      [
        -0.7771,
        0.0143,
        -0.6292,
        0.19950299999999999
      ],
      [
        -0.0,
