{
  "poses": [
    [
      [
        1.0,
        0.0,
        0.0,
        0.0
      ],
      [
        0.0,
        1.0,
        0.0,
        0.0
      ],
      [
        0.0,
        0.0,
        1.0,
        0.0
      ],
      [
        0.0,
        0.0,
        0.0,
        1.0
      ]
    ],
    [
      [
        0.999981,
        0.0,
        0.00622141,
        -0.02480000000000082
      ],
      [
        0.0,
        1.0,
        0.0,
        0.0
      ],
      [
        -0.00622141,
        0.0,
        0.999981,
        0.006700000000002149
      ],
      [
        0.0,
        0.0,
        0.0,
        1.0
      ]
    ],
    [
      [
        0.999922,
        0.0,
        0.0124629,
        -0.04970000000000141
      ],
      [
        0.0,
        1.0,
        0.0,
        0.0
      ],
      [
        -0.0124629,
        0.0,
        0.999922,
        0.013300000000000978
      ],
      [
        0.0,
        0.0,
        0.0,
        1.0
      ]
    ],
    [
      [
        0.999825,
        0.0,
        0.0187238,
        -0.07450000000000045
      ],
      [
        0.0,
        1.0,
        0.0,
        0.0
      ],
      [
        -0.0187238,
        0.0,
        0.999825,
        0.020000000000003126
      ],
      [
        0.0,
        0.0,
        0.0,
        1.0
      ]
    ],
    [
      [
        0.999687,
        0.0,
        0.0250034,
        -0.09940000000000104
      ],
      [
        0.0,
        1.0,
        0.0,
        0.0
      ],
      [
        -0.0250034,
        0.0,
        0.999687,
        0.026600000000001955
      ],
      [
        0.0,
        0.0,
        0.0,
        1.0
      ]
    ],
    [
      [
        0.99951,
        0.0,
        0.0313012,
        -0.12420000000000186
      ],
      [
        0.0,
        1.0,
        0.0,
        0.0
      ],
      [
        -0.0313012,
        0.0,
        0.99951,
        0.033300000000004104
      ],
      [
        0.0,
        0.0,
        0.0,
        1.0
      ]
    ],
    [
      [
        0.999292,
        0.0,
        0.0376163,
        -0.14910000000000068
      ],
      [
        0.0,
        1.0,
        0.0,
        0.0
      ],
      [
        -0.0376163,
        0.0,
        0.999292,
        0.03989999999999583
      ],
      [
        0.0,
        0.0,
        0.0,
        1.0
      ]
    ],
    [
      [
        0.999034,
        0.0,
        0.0439482,
        -0.1739000000000015
      ],
      [
        0.0,
        1.0,
        0.0,
        0.0
      ],
      [
        -0.0439482,
        0.0,
        0.999034,
        0.046599999999997976
      ],
      [
        0.0,
        0.0,
        0.0,
        1.0
      ]
    ],
    [
      [
        0.998734,
        0.0,
        0.0502962,
        -0.1988000000000021
      ],
      [
        0.0,
        1.0,
        0.0,
        0.0
      ],
      [
        -0.0502962,
        0.0,
        0.998734,
        0.053300000000000125
      ],
      [
        0.0,
        0.0,
        0.0,
        1.0
      ]
    ],
    [
      [
        0.998394,
        0.0,
        0.0566595,
        -0.22359999999999935
      ],
      [
        0.0,
        1.0,
        0.0,
        0.0
      ],
      [
        -0.0566595,
        0.0,
        0.998394,
        0.059899999999998954
      ],
      [
        0.0,
        0.0,
        0.0,
        1.0
      ]
    ],
    [
      [
        0.998011,
        0.0,
        0.0630374,
        -0.24840000000000018
      ],
      [
        0.0,
        1.0,
        0.0,
        0.0
      ],
      [
        -0.0630374,
        0.0,
        0.998011,
        0.0666000000000011
      ],
      [
        0.0,
        0.0,
        0.0,
        1.0
      ]
    ],
    [
      [
        0.997587,
        0.0,
        0.0694292,
        -0.27330000000000076
      ],
      [
        0.0,
        1.0,
        0.0,
        0.0
      ],
      [
        -0.0694292,
        0.0,
        0.997587,
        0.07319999999999993
      ],
      [
        0.0,
        0.0,
        0.0,
        1.0
      ]
    ],
    [
      [
        0.99712,
        0.0,
        0.075834,
        -0.2980999999999998
      ],
      [
        0.0,
        1.0,
        0.0,
        0.0
      ],
      [
        -0.075834,
        0.0,
        0.99712,
        0.07990000000000208
      ],
      [
        0.0,
        0.0,
        0.0,
        1.0
      ]
    ],
    [
      [
        0.996612,
        0.0,
        0.0822513,
        -0.3230000000000004
      ],
      [
        0.0,
        1.0,
        0.0,
        0.0
      ],
      [
        -0.0822513,
        0.0,
        0.996612,
        0.08650000000000091
      ],
      [
        0.0,
        0.0,
        0.0,
        1.0
      ]
    ],
    [
      [
        0.99606,
        0.0,
        0.0886802,
        -0.3478000000000012
      ],
      [
        0.0,
        1.0,
        0.0,
        0.0
      ],
      [
        -0.0886802,
        0.0,
        0.99606,
        0.09320000000000306
      ],
      [
        0.0,
        0.0,
        0.0,
        1.0
      ]
    ],
    [
      [
        0.995466,
        0.0,
        0.0951199,
        -0.37270000000000003
      ],
      [
        0.0,
        1.0,
        0.0,
        0.0
      ],
      [
        -0.0951199,
        0.0,
        0.995466,
        0.0998999999999981
      ],
      [
        0.0,
        0.0,
        0.0,
        1.0
      ]
    ],
    [
      [
        0.994828,
        0.0,
        0.10157,
        -0.39750000000000085
      ],
      [
        0.0,
        1.0,
        0.0,
        0.0
      ],
      [
        -0.10157,
        0.0,
        0.994828,
        0.10650000000000404
      ],
      [
        0.0,
        0.0,
        0.0,
        1.0
      ]
    ],
    [
      [
        0.994148,
        0.0,
        0.108029,
        -0.42240000000000144
      ],
      [
        0.0,
        1.0,
        0.0,
        0.0
      ],
      [
        -0.108029,
        0.0,
        0.994148,
        0.11320000000000618
      ],
      [
        0.0,
        0.0,
        0.0,
        1.0
      ]
    ],
    [
      [
        0.993424,
        0.0,
        0.114496,
        -0.4472000000000005
      ],
      [
        0.0,
        1.0,
        0.0,
        0.0
      ],
      [
        -0.114496,
        0.0,
        0.993424,
        0.11980000000000501
      ],
      [
        0.0,
        0.0,
        0.0,
        1.0
      ]
    ],
    [
      [
        0.992656,
        0.0,
        0.120971,
        -0.4720000000000013
      ],
      [
        0.0,
        1.0,
        0.0,
        0.0
      ],
      [
        -0.120971,
        0.0,
        0.992656,
        0.12650000000000006
      ],
      [
        0.0,
        0.0,
        0.0,
        1.0
      ]
    ],
    [
      [
        0.991845,
        0.0,
        0.127453,
        -0.4969000000000019
      ],
      [
        0.0,
        1.0,
        0.0,
        0.0
      ],
      [
        -0.127453,
        0.0,
        0.991845,
        0.13309999999999889
      ],
      [
        0.0,
        0.0,
        0.0,
        1.0
      ]
    ],
    [
      [
        0.990989,
        0.0,
        0.133941,
        -0.5217000000000009
      ],
      [
        0.0,
        1.0,
        0.0,
        0.0
      ],
      [
        -0.133941,
        0.0,
        0.990989,
        0.13980000000000103
      ],
      [
        0.0,
        0.0,
        0.0,
        1.0
      ]
    ],
    [
      [
        0.99009,
        0.0,
        0.140434,
        -0.5466000000000015
      ],
      [
        0.0,
        1.0,
        0.0,
        0.0
      ],
      [
        -0.140434,
        0.0,
        0.99009,
        0.14650000000000318
      ],
      [
        0.0,
        0.0,
        0.0,
        1.0
      ]
    ],
    [
      [
        0.989147,
        0.0,
        0.146931,
        -0.5714000000000024
      ],
      [
        0.0,
        1.0,
        0.0,
        0.0
      ],
      [
        -0.146931,
        0.0,
        0.989147,
        0.153100000000002
      ],
      [
        0.0,
        0.0,
        0.0,
        1.0
      ]
    ],
    [
      [
        0.988159,
        0.0,
        0.153432,
        -0.5963000000000012
      ],
      [
        0.0,
        1.0,
        0.0,
        0.0
      ],
      [
        -0.153432,
        0.0,
        0.988159,
        0.15980000000000416
      ],
      [
        0.0,
        0.0,
        0.0,
        1.0
      ]
    ],
    [
      [
        0.987128,
        0.0,
        0.159935,
        -0.6211000000000002
      ],
      [
        0.0,
        1.0,
        0.0,
        0.0
      ],
      [
        -0.159935,
        0.0,
        0.987128,
        0.166400000000003
      ],
      [
        0.0,
        0.0,
        0.0,
        1.0
      ]
    ],
    [
      [
        0.986052,
        0.0,
        0.16644,
        -0.645999999999999
      ],
      [
        0.0,
        1.0,
        0.0,
        0.0
      ],
      [
        -0.16644,
        0.0,
        0.986052,
        0.17309999999999803
      ],
      [
        0.0,
        0.0,
        0.0,
        1.0
      ]
    ],
    [
      [
        0.984931,
        0.0,
        0.172946,
        -0.6707999999999998
      ],
      [
        0.0,
        1.0,
        0.0,
        0.0
      ],
      [
        -0.172946,
        0.0,
        0.984931,
        0.17969999999999686
      ],
      [
        0.0,
        0.0,
        0.0,
        1.0
      ]
    ],
    [
      [
        0.983767,
        0.0,
        0.179452,
        -0.6957000000000004
      ],
      [
        0.0,
        1.0,
        0.0,
        0.0
      ],
      [
        -0.179452,
        0.0,
        0.983767,
        0.186399999999999
      ],
      [
        0.0,
        0.0,
        0.0,
        1.0
      ]
    ],
    [
      [
        0.982558,
        0.0,
        0.185958,
        -0.7204999999999995
      ],
      [
        0.0,
        1.0,
        0.0,
        0.0
      ],
      [
        -0.185958,
        0.0,
        0.982558,
        0.19310000000000116
      ],
      [
        0.0,
        0.0,
        0.0,
        1.0
      ]
    ],
    [
      [
        0.981305,
        0.0,
        0.192461,
        -0.7453000000000003
      ],
      [
        0.0,
        1.0,
        0.0,
        0.0
      ],
      [
        -0.192461,
        0.0,
        0.981305,
        0.1997
      ],
      [
        0.0,
        0.0,
        0.0,
        1.0
      ]
    ],
    [
      [
        0.980007,
        0.0,
        0.198962,
        -0.7702000000000009
      ],
      [
        0.0,
        1.0,
        0.0,
        0.0
      ],
      [
        -0.198962,
        0.0,
        0.980007,
        0.20640000000000214
      ],
      [
        0.0,
        0.0,
        0.0,
        1.0
      ]
    ],
    [
      [
        0.978666,
        0.0,
        0.20546,
        -0.7949999999999999
      ],
      [
        0.0,
        1.0,
        0.0,
        0.0
      ],
      [
        -0.20546,
        0.0,
        0.978666,
        0.21300000000000097
      ],
      [
        0.0,
        0.0,
        0.0,
        1.0
      ]
    ],
    [
      [
        0.97728,
        0.0,
        0.211953,
        -0.8199000000000005
      ],
      [
        0.0,
        1.0,
        0.0,
        0.0
      ],
      [
        -0.211953,
        0.0,
        0.97728,
        0.219699999999996
      ],
      [
        0.0,
        0.0,
        0.0,
        1.0
      ]
    ],
    [
      [
        0.97585,
        0.0,
        0.218441,
        -0.8447000000000013
      ],
      [
        0.0,
        1.0,
        0.0,
        0.0
      ],
      [
        -0.218441,
        0.0,
        0.97585,
        0.22630000000000194
      ],
      [
        0.0,
        0.0,
        0.0,
        1.0
      ]
    ],
    [
      [
        0.974377,
        0.0,
        0.224923,
        -0.8696000000000019
      ],
      [
        0.0,
        1.0,
        0.0,
        0.0
      ],
      [
        -0.224923,
        0.0,
        0.974377,
        0.2330000000000041
      ],
      [
        0.0,
        0.0,
        0.0,
        1.0
      ]
    ],
    [
      [
        0.972859,
        0.0,
        0.231398,
        -0.894400000000001
      ],
      [
        0.0,
        1.0,
        0.0,
        0.0
      ],
      [
        -0.231398,
        0.0,
        0.972859,
        0.23969999999999914
      ],
      [
        0.0,
        0.0,
        0.0,
        1.0
      ]
    ],
    [
      [
        0.971298,
        0.0,
        0.237865,
        -0.9193000000000016
      ],
      [
        0.0,
        1.0,
        0.0,
        0.0
      ],
      [
        -0.237865,
        0.0,
        0.971298,
        0.24630000000000507
      ],
      [
        0.0,
        0.0,
        0.0,
        1.0
      ]
    ],
    [
      [
        0.969694,
        0.0,
        0.244323,
        -0.9441000000000024
      ],
      [
        0.0,
        1.0,
        0.0,
        0.0
      ],
      [
        -0.244323,
        0.0,
        0.969694,
        0.2530000000000001
      ],
      [
        0.0,
        0.0,
        0.0,
        1.0
      ]
    ],
    [
      [
        0.968046,
        0.0,
        0.250773,
        -0.9689000000000014
      ],
      [
        0.0,
        1.0,
        0.0,
        0.0
      ],
      [
        -0.250773,
        0.0,
        0.968046,
        0.25959999999999894
      ],
      [
        0.0,
        0.0,
        0.0,
        1.0
      ]
    ],
    [
      [
        0.966355,
        0.0,
        0.257211,
        -0.993800000000002
      ],
      [
        0.0,
        1.0,
        0.0,
        0.0
      ],
      [
        -0.257211,
        0.0,
        0.966355,
        0.2663000000000011
      ],
      [
        0.0,
        0.0,
        0.0,
        1.0
      ]
    ],
    [
      [
        0.964622,
        0.0,
        0.263638,
        -1.0185999999999993
      ],
      [
        0.0,
        1.0,
        0.0,
        0.0
      ],
      [
        -0.263638,
        0.0,
        0.964622,
        0.2728999999999999
      ],
      [
        0.0,
        0.0,
        0.0,
        1.0
      ]
    ],
    [
      [
        0.962845,
        0.0,
        0.270054,
        -1.0434999999999999
      ],
      [
        0.0,
        1.0,
        0.0,
        0.0
      ],
      [
        -0.270054,
        0.0,
        0.962845,
        0.27960000000000207
      ],
      [
        0.0,
        0.0,
        0.0,
        1.0
      ]
    ],
    [
      [
        0.961027,
        0.0,
        0.276456,
        -1.0683000000000007
      ],
      [
        0.0,
        1.0,
        0.0,
        0.0
      ],
      [
        -0.276456,
        0.0,
        0.961027,
        0.2863000000000042
      ],
      [
        0.0,
        0.0,
        0.0,
        1.0
      ]
    ],
    [
      [
        0.959166,
        0.0,
        0.282845,
        -1.0931999999999995
      ],
      [
        0.0,
        1.0,
        0.0,
        0.0
      ],
      [
        -0.282845,
        0.0,
        0.959166,
        0.29290000000000305
      ],
      [
        0.0,
        0.0,
        0.0,
        1.0
      ]
    ],
    [
      [
        0.957263,
        0.0,
        0.289218,
        -1.1180000000000003
      ],
      [
        0.0,
        1.0,
        0.0,
        0.0
      ],
      [
        -0.289218,
        0.0,
        0.957263,
        0.2996000000000052
      ],
      [
        0.0,
        0.0,
        0.0,
        1.0
      ]
    ],
    [
      [
        0.955319,
        0.0,
        0.295577,
        -1.142900000000001
      ],
      [
        0.0,
        1.0,
        0.0,
        0.0
      ],
      [
        -0.295577,
        0.0,
        0.955319,
        0.3061999999999969
      ],
      [
        0.0,
        0.0,
        0.0,
        1.0
      ]
    ],
    [
      [
        0.953334,
        0.0,
        0.301919,
        -1.1677
      ],
      [
        0.0,
        1.0,
        0.0,
        0.0
      ],
      [
        -0.301919,
        0.0,
        0.953334,
        0.31289999999999907
      ],
      [
        0.0,
        0.0,
        0.0,
        1.0
      ]
    ],
    [
      [
        0.951307,
        0.0,
        0.308244,
        -1.1925000000000008
      ],
      [
        0.0,
        1.0,
        0.0,
        0.0
      ],
      [
        -0.308244,
        0.0,
        0.951307,
        0.3194999999999979
      ],
      [
        0.0,
        0.0,
        0.0,
        1.0
      ]
    ],
    [
      [
        0.949241,
        0.0,
        0.314551,
        -1.2174000000000014
      ],
      [
        0.0,
        1.0,
        0.0,
        0.0
      ],
      [
        -0.314551,
        0.0,
        0.949241,
        0.32620000000000005
      ],
      [
        0.0,
        0.0,
        0.0,
        1.0
      ]
    ],
    [
      [
        0.947134,
        0.0,
        0.320839,
        -1.2422000000000004
      ],
      [
        0.0,
        1.0,
        0.0,
        0.0
      ],
      [
        -0.320839,
        0.0,
        0.947134,
        0.3329000000000022
      ],
      [
        0.0,
        0.0,
        0.0,
        1.0
      ]
    ],
    [
      [
        0.944987,
        0.0,
        0.327108,
        -1.267100000000001
      ],
      [
        0.0,
        1.0,
        0.0,
        0.0
      ],
      [
        -0.327108,
        0.0,
        0.944987,
        0.339500000000001
      ],
      [
        0.0,
        0.0,
        0.0,
        1.0
      ]
    ],
    [
      [
        0.942801,
        0.0,
        0.333357,
        -1.2919000000000018
      ],
      [
        0.0,
        1.0,
        0.0,
        0.0
      ],
      [
        -0.333357,
        0.0,
        0.942801,
        0.34620000000000317
      ],
      [
        0.0,
        0.0,
        0.0,
        1.0
      ]
    ],
    [
      [
        0.940576,
        0.0,
        0.339584,
        -1.3168000000000006
      ],
      [
        0.0,
        1.0,
        0.0,
        0.0
      ],
      [
        -0.339584,
        0.0,
        0.940576,
        0.352800000000002
      ],
      [
        0.0,
        0.0,
        0.0,
        1.0
      ]
    ],
    [
      [
        0.938312,
        0.0,
        0.34579,
        -1.3416000000000015
      ],
      [
        0.0,
        1.0,
        0.0,
        0.0
      ],
      [
        -0.34579,
        0.0,
        0.938312,
        0.35949999999999704
      ],
      [
        0.0,
        0.0,
        0.0,
        1.0
      ]
    ],
    [
      [
        0.93601,
        0.0,
        0.351973,
        -1.366500000000002
      ],
      [
        0.0,
        1.0,
        0.0,
        0.0
      ],
      [
        -0.351973,
        0.0,
        0.93601,
        0.366100000000003
      ],
      [
        0.0,
        0.0,
        0.0,
        1.0
      ]
    ],
    [
      [
        0.933671,
        0.0,
        0.358133,
        -1.391300000000001
      ],
      [
        0.0,
        1.0,
        0.0,
        0.0
      ],
      [
        -0.358133,
        0.0,
        0.933671,
        0.3728000000000051
      ],
      [
        0.0,
        0.0,
        0.0,
        1.0
      ]
    ],
    [
      [
        0.931294,
        0.0,
        0.364269,
        -1.4161000000000001
      ],
      [
        0.0,
        1.0,
        0.0,
        0.0
      ],
      [
        -0.364269,
        0.0,
        0.931294,
        0.37950000000000017
      ],
      [
        0.0,
        0.0,
        0.0,
        1.0
      ]
    ],
    [
      [
        0.92888,
        0.0,
        0.37038,
        -1.440999999999999
      ],
      [
        0.0,
        1.0,
        0.0,
        0.0
      ],
      [
        -0.37038,
        0.0,
        0.92888,
        0.3861000000000061
      ],
      [
        0.0,
        0.0,
        0.0,
        1.0
      ]
    ],
    [
      [
        0.926431,
        0.0,
        0.376466,
        -1.4657999999999998
      ],
      [
        0.0,
        1.0,
        0.0,
        0.0
      ],
      [
        -0.376466,
        0.0,
        0.926431,
        0.39280000000000115
      ],
      [
        0.0,
        0.0,
        0.0,
        1.0
      ]
    ],
    [
      [
        0.923945,
        0.0,
        0.382525,
        -1.4907000000000004
      ],
      [
        0.0,
        1.0,
        0.0,
        0.0
      ],
      [
        -0.382525,
        0.0,
        0.923945,
        0.3994
      ],
      [
        0.0,
        0.0,
        0.0,
        1.0
      ]
    ],
    [
      [
        0.921424,
        0.0,
        0.388558,
        -1.5154999999999994
      ],
      [
        0.0,
        1.0,
        0.0,
        0.0
      ],
      [
        -0.388558,
        0.0,
        0.921424,
        0.4061000000000021
      ],
      [
        0.0,
        0.0,
        0.0,
        1.0
      ]
    ],
    [
      [
        0.918869,
        0.0,
        0.394563,
        -1.5404
      ],
      [
        0.0,
        1.0,
        0.0,
        0.0
      ],
      [
        -0.394563,
        0.0,
        0.918869,
        0.41270000000000095
      ],
      [
        0.0,
        0.0,
        0.0,
        1.0
      ]
    ],
    [
      [
        0.916279,
        0.0,
        0.400541,
        -1.5652000000000008
      ],
      [
        0.0,
        1.0,
        0.0,
        0.0
      ],
      [
        -0.400541,
        0.0,
        0.916279,
        0.4194000000000031
      ],
      [
        0.0,
        0.0,
        0.0,
        1.0
      ]
    ],
    [
      [
        0.913656,
        0.0,
        0.406489,
        -1.5901000000000014
      ],
      [
        0.0,
        1.0,
        0.0,
        0.0
      ],
      [
        -0.406489,
        0.0,
        0.913656,
        0.42610000000000525
      ],
      [
        0.0,
        0.0,
        0.0,
        1.0
      ]
    ],
    [
      [
        0.910999,
        0.0,
        0.412408,
        -1.6149000000000004
      ],
      [
        0.0,
        1.0,
        0.0,
        0.0
      ],
      [
        -0.412408,
        0.0,
        0.910999,
        0.4327000000000041
      ],
      [
        0.0,
        0.0,
        0.0,
        1.0
      ]
    ],
    [
      [
        0.90831,
        0.0,
        0.418298,
        -1.639800000000001
      ],
      [
        0.0,
        1.0,
        0.0,
        0.0
      ],
      [
        -0.418298,
        0.0,
        0.90831,
        0.4393999999999991
      ],
      [
        0.0,
        0.0,
        0.0,
        1.0
      ]
    ],
    [
      [
        0.905589,
        0.0,
        0.424156,
        -1.6646000000000019
      ],
      [
        0.0,
        1.0,
        0.0,
        0.0
      ],
      [
        -0.424156,
        0.0,
        0.905589,
        0.44599999999999795
      ],
      [
        0.0,
        0.0,
        0.0,
        1.0
      ]
    ],
    [
      [
        0.902837,
        0.0,
        0.429984,
        -1.689400000000001
      ],
      [
        0.0,
        1.0,
        0.0,
        0.0
      ],
      [
        -0.429984,
        0.0,
        0.902837,
        0.4527000000000001
      ],
      [
        0.0,
        0.0,
        0.0,
        1.0
      ]
    ],
    [
      [
        0.900053,
        0.0,
        0.43578,
        -1.7143000000000015
      ],
      [
        0.0,
        1.0,
        0.0,
        0.0
      ],
      [
        -0.43578,
        0.0,
        0.900053,
        0.45929999999999893
      ],
      [
        0.0,
        0.0,
        0.0,
        1.0
      ]
    ],
    [
      [
        0.89724,
        0.0,
        0.441544,
        -1.7391000000000023
      ],
      [
        0.0,
        1.0,
        0.0,
        0.0
      ],
      [
        -0.441544,
        0.0,
        0.89724,
        0.4660000000000011
      ],
      [
        0.0,
        0.0,
        0.0,
        1.0
      ]
    ],
    [
      [
        0.894396,
        0.0,
        0.447275,
        -1.7640000000000011
      ],
      [
        0.0,
        1.0,
        0.0,
        0.0
      ],
      [
        -0.447275,
        0.0,
        0.894396,
        0.47270000000000323
      ],
      [
        0.0,
        0.0,
        0.0,
        1.0
      ]
    ],
    [
      [
        0.891524,
        0.0,
        0.452973,
        -1.788800000000002
      ],
      [
        0.0,
        1.0,
        0.0,
        0.0
      ],
      [
        -0.452973,
        0.0,
        0.891524,
        0.47930000000000206
      ],
      [
        0.0,
        0.0,
        0.0,
        1.0
      ]
    ],
    [
      [
        0.888624,
        0.0,
        0.458637,
        -1.813699999999999
      ],
      [
        0.0,
        1.0,
        0.0,
        0.0
      ],
      [
        -0.458637,
        0.0,
        0.888624,
        0.4859999999999971
      ],
      [
        0.0,
        0.0,
        0.0,
        1.0
      ]
    ],
    [
      [
        0.885695,
        0.0,
        0.464267,
        -1.8384999999999998
      ],
      [
        0.0,
        1.0,
        0.0,
        0.0
      ],
      [
        -0.464267,
        0.0,
        0.885695,
        0.49260000000000304
      ],
      [
        0.0,
        0.0,
        0.0,
        1.0
      ]
    ],
    [
      [
        0.882739,
        0.0,
        0.469863,
        -1.8634000000000004
      ],
      [
        0.0,
        1.0,
        0.0,
        0.0
      ],
      [
        -0.469863,
        0.0,
        0.882739,
        0.4992999999999981
      ],
      [
        0.0,
        0.0,
        0.0,
        1.0
      ]
    ],
    [
      [
        0.879757,
        0.0,
        0.475423,
        -1.8881999999999994
      ],
      [
        0.0,
        1.0,
        0.0,
        0.0
      ],
      [
        -0.475423,
        0.0,
        0.879757,
        0.505900000000004
      ],
      [
        0.0,
        0.0,
        0.0,
        1.0
      ]
    ],
    [
      [
        0.876749,
        0.0,
        0.480948,
        -1.9130000000000003
      ],
      [
        0.0,
        1.0,
        0.0,
        0.0
      ],
      [
        -0.480948,
        0.0,
        0.876749,
        0.5126000000000062
      ],
      [
        0.0,
        0.0,
        0.0,
        1.0
      ]
    ],
    [
      [
        0.873716,
        0.0,
        0.486437,
        -1.9379000000000008
      ],
      [
        0.0,
        1.0,
        0.0,
        0.0
      ],
      [
        -0.486437,
        0.0,
        0.873716,
        0.5193000000000012
      ],
      [
        0.0,
        0.0,
        0.0,
        1.0
      ]
    ],
    [
      [
        0.870657,
        0.0,
        0.49189,
        -1.9627
      ],
      [
        0.0,
        1.0,
        0.0,
        0.0
      ],
      [
        -0.49189,
        0.0,
        0.870657,
        0.5259
      ],
      [
        0.0,
        0.0,
        0.0,
        1.0
      ]
    ],
    [
      [
        0.867575,
        0.0,
        0.497306,
        -1.9876000000000005
      ],
      [
        0.0,
        1.0,
        0.0,
        0.0
      ],
      [
        -0.497306,
        0.0,
        0.867575,
        0.5326000000000022
      ],
      [
        0.0,
        0.0,
        0.0,
        1.0
      ]
    ],
    [
      [
        0.87065246059646,
        0.0,
        0.49189901140525,
        -1.9627521898000002
      ],
      [
        0.0,
        1.0,
        0.0,
        0.0
      ],
      [
        -0.49189901140525,
        0.0,
        0.87065246059646,
        0.5260795637000045
      ],
      [
        0.0,
        0.0,
        0.0,
        1.0
      ]
    ],
    [
      [
        0.8737052040973999,
        0.0,
        0.48645470966450005,
        -1.9378673527000003
      ],
      [
        0.0,
        1.0,
        0.0,
        0.0
      ],
      [
        -0.48645470966450005,
        0.0,
        0.8737052040973999,
        0.5194226393000032
      ],
      [
        0.0,
        0.0,
        0.0,
        1.0
      ]
    ],
    [
      [
        0.8767346324577999,
        0.0,
        0.480974670665,
        -1.9130195424999985
      ],
      [
        0.0,
        1.0,
        0.0,
        0.0
      ],
      [
        -0.480974670665,
        0.0,
        0.8767346324577999,
        0.5129022030000047
      ],
      [
        0.0,
        0.0,
        0.0,
        1.0
      ]
    ],
    [
      [
        0.8797377898654,
        0.0,
        0.47545801846700003,
        -1.8881347054000002
      ],
      [
        0.0,
        1.0,
        0.0,
        0.0
      ],
      [
        -0.47545801846700003,
        0.0,
        0.8797377898654,
        0.5062452786000042
      ],
      [
        0.0,
        0.0,
        0.0,
        1.0
      ]
    ],
    [
      [
        0.8827161628172,
        0.0,
        0.46990618147,
        -1.8632868951999983
      ],
      [
        0.0,
        1.0,
        0.0,
        0.0
      ],
      [
        -0.46990618147,
        0.0,
        0.8827161628172,
        0.4997248423000057
      ],
      [
        0.0,
        0.0,
        0.0,
        1.0
      ]
    ],
    [
      [
        0.8856675685877999,
        0.0,
        0.4643189458795,
        -1.838402058100002
      ],
      [
        0.0,
        1.0,
        0.0,
        0.0
      ],
      [
        -0.4643189458795,
        0.0,
        0.8856675685877999,
        0.4930679178999982
      ],
      [
        0.0,
        0.0,
        0.0,
        1.0
      ]
    ],
    [
      [
        0.8885926260992,
        0.0,
        0.45869724278900004,
        -1.8135542479000017
      ],
      [
        0.0,
        1.0,
        0.0,
        0.0
      ],
      [
        -0.45869724278900004,
        0.0,
        0.8885926260992,
        0.48654748160000055
      ],
      [
        0.0,
        0.0,
        0.0,
        1.0
      ]
    ],
    [
      [
        0.8914892520872,
        0.0,
        0.453040684889,
        -1.7886196802
      ],
      [
        0.0,
        1.0,
        0.0,
        0.0
      ],
      [
        -0.453040684889,
        0.0,
        0.8914892520872,
        0.47997731470000216
      ],
      [
        0.0,
        0.0,
        0.0,
        1.0
      ]
    ],
    [
      [
        0.894358783857,
        0.0,
        0.44735096085150006,
        -1.7638216006000031
      ],
      [
        0.0,
        1.0,
        0.0,
        0.0
      ],
      [
        -0.44735096085150006,
        0.0,
        0.894358783857,
        0.47337012090000247
      ],
      [
        0.0,
        0.0,
        0.0,
        1.0
      ]
    ],
    [
      [
        0.8971982705693999,
        0.0,
        0.44162718606100004,
        -1.7389737904000013
      ],
      [
        0.0,
        1.0,
        0.0,
        0.0
      ],
      [
        -0.44162718606100004,
        0.0,
        0.8971982705693999,
        0.4668496846000039
      ],
      [
        0.0,
        0.0,
        0.0,
        1.0
      ]
    ],
    [
      [
        0.9000090992602,
        0.0,
        0.4358709624320001,
        -1.7140889533000014
      ],
      [
        0.0,
        1.0,
        0.0,
        0.0
      ],
      [
        -0.4358709624320001,
        0.0,
        0.9000090992602,
        0.46019276020000266
      ],
      [
        0.0,
        0.0,
        0.0,
        1.0
      ]
    ],
    [
      [
        0.902789087204,
        0.0,
        0.43008207617,
        -1.6892411431000012
      ],
      [
        0.0,
        1.0,
        0.0,
        0.0
      ],
      [
        -0.43008207617,
        0.0,
        0.902789087204,
        0.45367232390000495
      ],
      [
        0.0,
        0.0,
        0.0,
        1.0
      ]
    ],
    [
      [
        0.9055397208978,
        0.0,
        0.42426195567450004,
        -1.6643563060000013
      ],
      [
        0.0,
        1.0,
        0.0,
        0.0
      ],
      [
        -0.42426195567450004,
        0.0,
        0.9055397208978,
        0.44701539950000363
      ],
      [
        0.0,
        0.0,
        0.0,
        1.0
      ]
    ],
    [
      [
        0.9082579500411999,
        0.0,
        0.418409889845,
        -1.6395084957999995
      ],
      [
        0.0,
        1.0,
        0.0,
        0.0
      ],
      [
        -0.418409889845,
        0.0,
        0.9082579500411999,
        0.44049496320000514
      ],
      [
        0.0,
        0.0,
        0.0,
        1.0
      ]
    ],
    [
      [
        0.9109451119393999,
        0.0,
        0.4125275673535,
        -1.6145739281000029
      ],
      [
        0.0,
        1.0,
        0.0,
        0.0
      ],
      [
        -0.4125275673535,
        0.0,
        0.9109451119393999,
        0.4339247963000014
      ],
      [
        0.0,
        0.0,
        0.0,
        1.0
      ]
    ],
    [
      [
        0.91359927252,
        0.0,
        0.40661434061800006,
        -1.5897758484999993
      ],
      [
        0.0,
        1.0,
        0.0,
        0.0
      ],
      [
        -0.40661434061800006,
        0.0,
        0.91359927252,
        0.4273176025000061
      ],
      [
        0.0,
        0.0,
        0.0,
        1.0
      ]
    ],
    [
      [
        0.9162214209740001,
        0.0,
        0.40067250561300005,
        -1.5648412807999978
      ],
      [
        0.0,
        1.0,
        0.0,
        0.0
      ],
      [
        -0.40067250561300005,
        0.0,
        0.9162214209740001,
        0.4207474356000077
      ],
      [
        0.0,
        0.0,
        0.0,
        1.0
      ]
    ],
    [
      [
        0.918809374576,
        0.0,
        0.39470184854400003,
        -1.5400432011999992
      ],
      [
        0.0,
        1.0,
        0.0,
        0.0
      ],
      [
        -0.39470184854400003,
        0.0,
        0.918809374576,
        0.4141402418000072
      ],
      [
        0.0,
        0.0,
        0.0,
        1.0
      ]
    ],
    [
      [
        0.921363133326,
        0.0,
        0.388702369411,
        -1.515195391000001
      ],
      [
        0.0,
        1.0,
        0.0,
        0.0
      ],
      [
        -0.388702369411,
        0.0,
        0.921363133326,
        0.40761980550000243
      ],
      [
        0.0,
        0.0,
        0.0,
        1.0
      ]
    ],
    [
      [
        0.923883067493,
        0.0,
        0.382675433095,
        -1.490310553900001
      ],
      [
        0.0,
        1.0,
        0.0,
        0.0
      ],
      [
        -0.382675433095,
        0.0,
        0.923883067493,
        0.40096288110000117
      ],
      [
        0.0,
        0.0,
        0.0,
        1.0
      ]
    ],
    [
      [
        0.926366944621,
        0.0,
        0.376620912559,
        -1.4654627437000007
      ],
      [
        0.0,
        1.0,
        0.0,
        0.0
      ],
      [
        -0.376620912559,
        0.0,
        0.926366944621,
        0.3944424448000035
      ],
      [
        0.0,
        0.0,
        0.0,
        1.0
      ]
    ],
    [
      [
        0.928816002554,
        0.0,
        0.37054066999,
        -1.440528175999999
      ],
      [
        0.0,
        1.0,
        0.0,
        0.0
      ],
      [
        -0.37054066999,
        0.0,
        0.928816002554,
        0.38787227790000506
      ],
      [
        0.0,
        0.0,
        0.0,
        1.0
      ]
    ],
    [
      [
        0.9312288764109999,
        0.0,
        0.364435075657,
        -1.415730096399999
      ],
      [
        0.0,
        1.0,
        0.0,
        0.0
      ],
      [
        -0.364435075657,
        0.0,
        0.9312288764109999,
        0.3812650841000036
      ],
      [
        0.0,
        0.0,
        0.0,
        1.0
      ]
    ],
    [
      [
        0.933604698617,
        0.0,
        0.3583036322540001,
        -1.3907955286999973
      ],
      [
        0.0,
        1.0,
        0.0,
        0.0
      ],
      [
        -0.3583036322540001,
        0.0,
        0.933604698617,
        0.37469491720000525
      ],
      [
        0.0,
        0.0,
        0.0,
        1.0
      ]
    ],
    [
      [
        0.9359442097099999,
        0.0,
        0.352149069543,
        -1.3659974491000004
      ],
      [
        0.0,
        1.0,
        0.0,
        0.0
      ],
      [
        -0.352149069543,
        0.0,
        0.9359442097099999,
        0.3680877234000055
      ],
      [
        0.0,
        0.0,
        0.0,
        1.0
      ]
    ],
    [
      [
        0.9382456745400001,
        0.0,
        0.34597039291200005,
        -1.3410628814000023
      ],
      [
        0.0,
        1.0,
        0.0,
        0.0
      ],
      [
        -0.34597039291200005,
        0.0,
        0.9382456745400001,
        0.36151755650000095
      ],
      [
        0.0,
        0.0,
        0.0,
        1.0
      ]
    ],
    [
      [
        0.940508595801,
        0.0,
        0.339768469936,
        -1.3162648018000036
      ],
      [
        0.0,
        1.0,
        0.0,
        0.0
      ],
      [
        -0.339768469936,
        0.0,
        0.940508595801,
        0.3549103627000004
      ],
      [
        0.0,
        0.0,
        0.0,
        1.0
      ]
    ],
    [
      [
        0.9427342113369999,
        0.0,
        0.333545162802,
        -1.2913302341000021
      ],
      [
        0.0,
        1.0,
        0.0,
        0.0
      ],
      [
        -0.333545162802,
        0.0,
        0.9427342113369999,
        0.348340195800002
      ],
      [
        0.0,
        0.0,
        0.0,
        1.0
      ]
    ],
    [
      [
        0.944920785998,
        0.0,
        0.3272994768980001,
        -1.2664824239000003
      ],
      [
        0.0,
        1.0,
        0.0,
        0.0
      ],
      [
        -0.3272994768980001,
        0.0,
        0.944920785998,
        0.34181975950000343
      ],
      [
        0.0,
        0.0,
        0.0,
        1.0
      ]
    ],
    [
      [
        0.947067695441,
        0.0,
        0.321034512255,
        -1.2416843443000019
      ],
      [
        0.0,
        1.0,
        0.0,
        0.0
      ],
      [
        -0.321034512255,
        0.0,
        0.947067695441,
        0.3352125657000029
      ],
      [
        0.0,
        0.0,
        0.0,
        1.0
      ]
    ],
    [
      [
        0.949174569397,
        0.0,
        0.31474890399200006,
        -1.2167497766000002
      ],
      [
        0.0,
        1.0,
        0.0,
        0.0
      ],
      [
        -0.31474890399200006,
        0.0,
        0.949174569397,
        0.32864239880000445
      ],
      [
        0.0,
        0.0,
        0.0,
        1.0
      ]
    ],
    [
      [
        0.9512426457100001,
        0.0,
        0.30844451429600006,
        -1.191951697
      ],
      [
        0.0,
        1.0,
        0.0,
        0.0
      ],
      [
        -0.30844451429600006,
        0.0,
        0.9512426457100001,
        0.32203520500000304
      ],
      [
        0.0,
        0.0,
        0.0,
        1.0
      ]
    ],
    [
      [
        0.953269194618,
        0.0,
        0.30212208370500004,
        -1.1670171293000036
      ],
      [
        0.0,
        1.0,
        0.0,
        0.0
      ],
      [
        -0.30212208370500004,
        0.0,
        0.953269194618,
        0.3154650380999994
      ],
      [
        0.0,
        0.0,
        0.0,
        1.0
      ]
    ],
    [
      [
        0.955255083696,
        0.0,
        0.29578210952500006,
        -1.1422190497
      ],
      [
        0.0,
        1.0,
        0.0,
        0.0
      ],
      [
        -0.29578210952500006,
        0.0,
        0.955255083696,
        0.30885784430000407
      ],
      [
        0.0,
        0.0,
        0.0,
        1.0
      ]
    ],
    [
      [
        0.957200683213,
        0.0,
        0.28942595663700005,
        -1.1172844819999983
      ],
      [
        0.0,
        1.0,
        0.0,
        0.0
      ],
      [
        -0.28942595663700005,
        0.0,
        0.957200683213,
        0.3022876774000056
      ],
      [
        0.0,
        0.0,
        0.0,
